[Header]
File opened	2025-07-06 10:07:08
Console s/n	68C-373361
Console ver	Bluestem v.2.1.11
Scripts ver	2023.02  2.1.11, Jun 2023
Head s/n	68H-413349
Head ver	1.4.23
Head cal	{"oxygen": "21", "co2azero": "0.969074", "co2aspan1": "1.00145", "co2aspan2": "-0.0293323", "co2aspan2a": "0.301932", "co2aspan2b": "0.299696", "co2aspanconc1": "2514", "co2aspanconc2": "296", "co2bzero": "1.01429", "co2bspan1": "1.00098", "co2bspan2": "-0.0286123", "co2bspan2a": "0.301091", "co2bspan2b": "0.298791", "co2bspanconc1": "2514", "co2bspanconc2": "296", "h2oazero": "1.06321", "h2oaspan1": "1.00793", "h2oaspan2": "0", "h2oaspan2a": "0.0675942", "h2oaspan2b": "0.0681305", "h2oaspanconc1": "11.66", "h2oaspanconc2": "0", "h2obzero": "1.06542", "h2obspan1": "1.00196", "h2obspan2": "0", "h2obspan2a": "0.0672478", "h2obspan2b": "0.0673797", "h2obspanconc1": "11.66", "h2obspanconc2": "0", "tazero": "0.100885", "tbzero": "0.175728", "flowmeterzero": "2.47802", "flowazero": "0.30464", "flowbzero": "0.31984", "chamberpressurezero": "2.62921", "ssa_ref": "32489.3", "ssb_ref": "40198.1"}
Factory cal date	02 May 2024
CO2 rangematch	Tue May  7 10:16
H2O rangematch	Tue May  7 10:10
Chamber type	6800-01A
Chamber s/n	MPF-742800
Chamber rev	0
Chamber cal	0
Fluorometer	MPF-742800
Flr. Version	1.4.23
10:07:08	Stability Definition:	ΔCO2 (Meas2): Slp<0.1 Per=20	ΔH2O (Meas2): Slp<0.1 Std<0.1 Per=20
SysConst:AvgTime	4
SysConst:Oxygen	21.0
ChambConst:Chamber	6800-01A
ChambConst:Aperture	6 cm²
ChambConst:blc_a	0.578
ChambConst:blc_b	0.5229739
ChambConst:blc_c	0.003740252
ChambConst:blc_d	-0.06197961
ChambConst:blc_e	-0.005608586
ChambConst:blc_minS	1
ChambConst:blc_maxS	6
ChambConst:blc_Po	96.9
LTConst:deltaTw	0
LTConst:fT1	1
LTConst:fT2	0
LTConst:fTeb	0
LQConst:Leaf	standard
LQConst:Ambient	Sun+Sky
LQConst:abs_ambient	0.8
LQConst:abs_redLED	0.84
LQConst:abs_greenLED	0.7
LQConst:abs_blueLED	0.87
LQConst:abs_whiteLED	0.75
LQConst:abs_redFlr	0.84
LQConst:abs_blueFlr	0.87
LQConst:k_ambient	0.1911
LQConst:k_redLED	0.1512
LQConst:k_greenLED	0.161
LQConst:k_blueLED	0.2262
LQConst:k_whiteLED	0.1575
LQConst:k_redFlr	0.1596
LQConst:k_blueFlr	0.2175
QConst:fQ_Amb_in	0.0
QConst:fQ_Amb_out	0.0
QConst:fQ_HeadLS	0.0
QConst:fQ_ConsoleLS	0.0
QConst:fQ_Flr	1.0
LeakConst:fan_a	-6276.0
LeakConst:fan_b	6.6
LeakConst:fan_c	1.709e-05
LeakConst:fan_d	3.11
LeakConst:Fs_meas	0.659993 193.362 353.528 575.523 844.85 1048.16 1229.79 1372.73
LeakConst:Fs_true	0.443839 218.532 385.838 589.754 809.978 1001.23 1201.05 1400.87
LeakConst:leak_wt	0
[Data]
SysObs	SysObs	SysObs	SysObs	SysObs	SysObs	GasEx	GasEx	GasEx	GasEx	GasEx	GasEx	GasEx	GasEx	GasEx	GasEx	GasEx	GasEx	GasEx	GasEx	GasEx	GasEx	GasEx	GasEx	GasEx	GasEx	GasEx	GasEx	GasEx	GasEx	GasEx	GasEx	Dynamic	Dynamic	Dynamic	Dynamic	Dynamic	Dynamic	Dynamic	Dynamic	Dynamic	Dynamic	Leak	Leak	Leak	Leak	Leak	LeafQ	LeafQ	LeafQ	LeafQ	Const	Const	Const	Const	Const	Meas	Meas	Meas	Meas	Meas	Meas	Meas	Meas	Meas	Meas	Meas	Meas	Meas	Meas	Meas	Meas	Meas	Meas	Meas2	Meas2	Meas2	Meas2	Meas2	Meas2	Meas2	Meas2	Meas2	Meas2	FlrLS	FlrLS	FlrLS	FlrLS	FlrLS	FlrLS	FlrLS	FlrLS	FlrLS	FlrLS	FlrLS	FlrLS	FlrLS	FlrLS	FlrLS	FlrLS	FlrLS	FlrLS	MchEvent	MchEvent	MchEvent	MchEvent	MchEvent	MchEvent	MchEvent	MchEvent	MchEvent	MchEvent	MchEvent	MchEvent	MchEvent	Stability	Stability	Stability	Stability	Stability	Stability	Stability	Stability	Stability	Stability	Stability	Raw	Raw	Raw	Raw	Raw	Raw	Raw	Raw	Raw	Raw	Raw	Raw	Raw	Raw	Raw	Raw	Raw	Raw	Status2	Status2	Status2	Status2	Status2	Status2	Status2	Status2	Status2	Status2	Status2	Status2	Status2	Status2	Status2	Status2	Status2	Status2	Status2	Auxiliary	Auxiliary	Auxiliary	Auxiliary	Auxiliary	Auxiliary	Auxiliary	Auxiliary	Auxiliary	Auxiliary	Auxiliary	Auxiliary	Auxiliary	Auxiliary	Auxiliary	Auxiliary	Auxiliary	Auxiliary	Auxiliary	MchStatus	MchStatus	MchStatus	MchStatus	MchStatus	MchStatus	MchStatus	MchStatus	MchStatus	MchStatus	MchStatus	MchStatus	MchStatus	MchStatus	MchStatus	MchStatus	MchStatus	MchStatus	ConStatus	ConStatus	ConStatus	ConStatus	ConStatus	ConStatus	ConStatus	ConStatus	Status	Status	Status	Status	Status	Status	Status	Status	Status	Status	Status	Status	Status	Status	Status	Status	
obs	time	elapsed	date	hhmmss	averaging	TIME	E	Emm	A	Ca	Ci	Pci	Pca	gsw	gbw	gtw	gtc	Rabs	TleafEB	TleafCnd	SVPleaf	RHcham	VPcham	SVPcham	VPDleaf	LatHFlux	SenHFlux	NetTherm	EBSum	Asty	Esty	Adyn	Crd	Csd	dCsd/dt	αVc	Edyn	Hr	Hs	dHs/dt	αVh	Leak	LeakPct	CorrFact	CorrFactPct	Fan	Qin	Qabs	alpha	convert	S	K	Geometry	Custom	UseDynamic	TIME	CO2_s	CO2_r	H2O_s	H2O_r	CO2_a	H2O_a	Flow	Pa	ΔPcham	Tair	Tleaf	Tleaf2	Offset	Offset2	Fan_speed	Qamb_in	Qamb_out	ΔCO2	CO2_s_d	CO2_r_d	ΔH2O	CO2_b	H2O_b	e_s	e_r	Td_s	Td_r	Q	f_red	f_blue	f_farred	F	Q_modavg	F_dc	Pc	Tled	TDigital	TPreamp	TPwrSpy	TDrive	Q_red	Q_blue	Q_farred	TSPF	state	time	hhmmss	co2_t	h2o_t	count	co2_adj	h2o_adj	co2_match	h2o_match	co2_at	h2o_at	co2_cv	h2o_cv	ΔCO2:MN	ΔCO2:SLP	ΔCO2:SD	ΔCO2:OK	ΔH2O:MN	ΔH2O:SLP	ΔH2O:SD	ΔH2O:OK	Stable	Total	State	Vflow	VPchamber	abs_c_a	abs_c_b	abs_h_a	abs_h_b	Wc_s	Wc_r	Wco_s	Wco_r	Ww_s	Ww_r	Wwo_s	Wwo_r	Flow_s_v	Flow_r_v	Tleaf_mv	Tleaf2_mv	Tleaf_j	Tleaf2_j	Console_RH	Console_T	Console_H2O	Fan_%	Flow_%	Pump	Tchp_pwm	Txchg_pwm	diag_20v	diag_5_4v	diag_12v	diag_5va	diag_3_3vf	AccCO2_soda	AccH2O_des	AccH2O_hum	CO2_hrs	ADC_CH1	ADC_CH2	ADC_CH3	ADC_CH4	ADC_CH5	ADC_CH6	ADC_CH7	ADC_CH8	DAC_1	DAC_2	DAC_3	DAC_4	GPIO	GPIO_dir	excit_5v	power_12v	power_5v	ch1_pullup	AuxPower	MatchValveR	MatchValveS	MatchCO2	MatchH2O	cf_co2_a	cf_co2_b	cf_co2_c	cf_co2_d	cf_h2o_a	cf_h2o_b	cf_h2o_c	cf_h2o_d	co2_fit_low	co2_fit_high	h2o_fit_low	h2o_fit_high	co2_elapsed	h2o_elapsed	CO2_f	CO2_f_s	Pump_f	Pump_f_s	Pump_p	Pump_p_s	Tboard	V_system	DIAG	Flow_s	Flow_r	Txchg	Tirga	Tchopper	Ts	Tr	CO2_%	Desiccant_%	Humidifier_%	Txchg_sp	CO2_r_sp	H2O_r_sp	SS_s	SS_r	
	s	s			s	s	mol m⁻² s⁻¹	mmol m⁻² s⁻¹	µmol m⁻² s⁻¹	µmol mol⁻¹	µmol mol⁻¹	Pa	Pa	mol m⁻² s⁻¹	mol m⁻² s⁻¹	mol m⁻² s⁻¹	mol m⁻² s⁻¹	W m⁻²	°C	°C	kPa	%	kPa	kPa	kPa	W m⁻²	W m⁻²	W m⁻²	W m⁻²	µmol m⁻² s⁻¹	mmol m⁻² s⁻¹	µmol m⁻² s⁻¹	µmol mol⁻¹	µmol mol⁻¹	µmol mol⁻¹ s⁻¹	cm³	mmol m⁻² s⁻¹	mmol mol⁻¹	mmol mol⁻¹	mmol mol⁻¹ s⁻¹	cm³	µmol s⁻¹	%		%	µmol s⁻¹	µmol m⁻² s⁻¹	µmol m⁻² s⁻¹		J/µmol	cm²			mol m⁻² s⁻¹		s	µmol mol⁻¹	µmol mol⁻¹	mmol mol⁻¹	mmol mol⁻¹	µmol mol⁻¹	mmol mol⁻¹	µmol s⁻¹	kPa	kPa	°C	°C	°C	°C	°C	rpm	µmol m⁻² s⁻¹	µmol m⁻² s⁻¹	µmol mol⁻¹	µmol mol⁻¹	µmol mol⁻¹	mmol mol⁻¹	µmol mol⁻¹	mmol mol⁻¹	kPa	kPa	°C	°C	µmol m⁻² s⁻¹					µmol m⁻² s⁻¹			°C	°C	°C	°C	°C	µmol m⁻² s⁻¹	µmol m⁻² s⁻¹	µmol m⁻² s⁻¹	s		secs		s	s		µmol/mol	mmol/mol	µmol/mol	mmol/mol	µmol/mol	mmol/mol	%	%	µmol mol⁻¹	µmol mol⁻¹ min⁻¹	µmol mol⁻¹		mmol mol⁻¹	mmol mol⁻¹ min⁻¹	mmol mol⁻¹					V	V													V	V	mV	mV	°C	°C	%	°C	mmol mol⁻¹	%	%		V	V	V	V	V	V	V	mg	mg	mg	hrs	V	V	V	V	V	V	V	V	V	V	V	V							V	%	%	µmol/mol	mmol/mol	µmol/mol				mmol/mol				µmol mol⁻¹	µmol mol⁻¹	mmol mol⁻¹	mmol mol⁻¹	min	min	V	V	V	V	V	V	°C	V		µmol s⁻¹	µmol s⁻¹	°C	°C	°C	°C	°C	%	%	%	°C	µmol mol⁻¹	mmol mol⁻¹	%	%	
1	1751822386.6	0	20250706 10:19:46	10:19:46	15	1751822378.8499994	0.002118927121307499	2.118927121307499	3.831512322646157	401.2703333333333	277.0599453464816	28.11555956989663	40.72021289961928	0.059161969547072535	3.0	0.05852137114303686	0.036632834086929855	161.91486043919278	28.134305045830704	28.004743333333337	3.7958891553514795	5.185651243010153	0.19381916966017104	3.7376051835615427	3.6020699856913083	-93.4446860496607	-42.888613360000356	-3.1122754908614874	22.469285538670228	3.831512322646157	2.118927121307499	4.526853538848387	404.95882390222107	401.5610545454544	0.0004694314448803489	66.94081045018643	1.8671020427574208	0.32381951642267215	1.7275871515151515	-0.0014570202768769414	79.74870872045705	302.0	38.0	1	0	53467.0	999.9928666666667	841.1940074399963	0.8412000080000533	0.16191601544010292	6.0	0.5	1: Needles	2.0	False	1751822378.8499994	401.2703333333333	404.78159999999997	1.9099576666666664	0.32382676666666665	400.38933333333335	2.0969576666666665	800.0147000000002	101.37813333333332	0.10012089333333335	27.73956666666667	28.004743333333337	999.9000000000002	0.0	0.0	9995.755000000001	0.0	0.00152894	-3.9343996666666667	401.55480000000006	404.9126666666667	1.4381020000000002	404.78159999999997	0.32382676666666665	0.17862113333333335	0.03282894333333333	-15.87374666666667	-34.53665666666667	999.9928666666667	0.9600005999999998	0.039999103333333334	0.0	1.3415	0.0	5707.2373333333335	7946.857000000002	35.875	38.81199999999999	37.112399999999994	38.10819999999999	36.312	959.9933333333333	40.0	0.0	1751822405.1	0.0	1751822414.6	10:20:14	1751822411.6	1751822414.6	1	0.424	0.128	0.881	-0.187	404.0	0.0	0.37	0.05	-3.94088225	-0.0025714446529078836	0.02568663110330933	1	1.45528875	-0.379307729831148	0.03686246988384662	0	1	2	1/2	3.44144	2.78077	0.0961963	0.096942	0.0163391	0.00286324	27097.8	30803.4	29131.6	34707.8	33161.9	42826.9	35858.4	45777.3	2.0003	2.1631	0.0667572	0	26.9594	999.9	60.9	25.4	19.5592	62.55	25.8293	2	-0.0535722	0	20.2924	5.20771	11.9697	4.991	3.272	3802.7	9999.0	9999.0	999.9	4.97261	1.86279	1.86448	1.86295	1.86296	1.86356	1.86005	1.86283	0.0	0.0	0.0	0.0	11111111	oooooooo	on	on	on	on	0.0	100	100	0.881	-0.187	0.7399870666499324	-0.0010337305037507979	9.120241388950126e-07	-2.246115299815222e-10	-0.305995874016623	-0.01814858093373864	0.0020919599883593687	-1.9087170078860404e-05	2.0	2210.0	1.0	26.0	2798.8	2806.7	1.23657	2.37183	2.34863	2.68677	2.39868	2.24609	31.4988	16.1371	18	475.819	618.973	26.9055	26.7755	30.0012	26.4228	26.3278	24.8139	100	0	-999.9	405	0	100.017	100.11	
2	1751822483.1	96.5	20250706 10:21:23	10:21:23	15	1751822475.3499994	0.001632375075912321	1.632375075912321	0.28837329195116673	404.19836666666663	370.1139831511898	37.55505372252302	41.013558162491506	0.04350155744115716	3.0	0.04315413705631521	0.027002318582061022	161.91964001820227	28.659257255124974	28.549976666666666	3.9182240048862704	4.1053653510970225	0.15707657585357365	3.826129038956305	3.7611474290326967	-71.98774084773336	-66.15757167999973	-4.823515061543311	18.95081242892587	0.28837329195116673	1.632375075912321	0.31928366864184754	405.05442968265726	404.8203151515151	-0.0015993156038869682	66.94055730043053	1.5317632216294732	0.32572808017000204	1.4971786060606058	-0.00604707584745013	79.77265476425069	3.0	0.0	1	0	53256.0	1000.0263000000001	841.2218031596904	0.8411996796081166	0.16191538164366504	6.0	0.5	1: Needles	2.0	False	1751822475.3499994	404.19836666666663	404.90946666666673	1.548027	0.3256967333333334	403.3363666666666	1.751361666666667	800.0365333333334	101.36893333333336	0.09995309666666666	28.14093	28.549976666666666	999.9000000000002	0.0	0.0	10009.164	0.0	0.00152894	-0.6923604333333333	404.8437333333333	405.04136666666665	1.2223306666666667	404.90946666666673	0.3256967333333334	0.15692186666666666	0.033015536666666664	-17.42095666666667	-34.479369999999996	1000.0263000000001	0.9600091666666667	0.03999098333333332	0.0	1.9108333333333334	0.0	5725.596333333335	7947.151333333332	35.7395	38.622899999999994	36.90186666666667	37.93699999999999	36.25	960.0349999999997	39.99033333333333	0.0	1751822501.7	0.0	1751822500.6	10:21:40	1751822500.6	1751822414.6	2	-0.018	0.128	0.862	-0.187	405.0	0.0	0.35	0.05	-0.68643035	-0.06578082551594666	0.02208146399647225	1	1.2583125000000002	-0.6610613133208292	0.06526568163093065	0	1	2	1/2	3.44122	2.78045	0.096636	0.0968589	0.0136589	0.00287492	27072.5	30793.6	29119.6	34694.9	33238.7	42810.2	35843.7	45760.2	2.48585	2.15555	0.0761822	0	27.3422	999.9	60.1	25.8	19.7709	62.18	25.7372	2	-0.0295503	0	20.2923	5.2101	11.9712	4.98945	3.272	3805.8	9999.0	9999.0	999.9	4.97259	1.86279	1.8646	1.86301	1.86303	1.86356	1.86005	1.8629	0.0	0.0	0.0	0.0	11111111	oooooooo	on	on	on	on	0.0	100.0	100.0	0.862	-0.2027	1.1639881901971785	-0.0010337305037507979	9.120241388950126e-07	-2.246115299815222e-10	-0.17786649464299703	-0.01814858093373864	0.0020919599883593687	-1.9087170078860404e-05	2.0	2210.0	1.0	26.0	1.2	1.1	1.24268	2.36938	2.34741	2.69043	2.39868	2.25708	31.8488	16.1371	18	829.005	617.071	27.3295	27.0848	30.0014	26.7482	26.6875	24.9237	100	0	-999.9	405	0	99.9764	100.073	
3	1751822596.6	210.0	20250706 10:23:16	10:23:16	15	1751822588.5999994	0.001550014073044282	1.550014073044282	1.924015829383959	403.031870967742	306.81749509388413	31.1326018510526	40.895421456602676	0.041414067350628865	3.0	0.041099059702840376	0.025715014627296938	161.87612789015586	29.083530929567193	28.47620967741935	3.9014742286228365	3.856613341036451	0.15106417905532796	3.917016451919704	3.750410049567509	-68.35562062125284	11.072133522581792	0.8085899347524202	105.40123072623724	1.924015829383959	1.550014073044282	1.7899376460833145	405.0800705731948	403.735115151515	0.0006214894542523187	66.94074920355456	1.4440419941342977	0.32801817047894566	1.4329630303030296	-0.005835156656702055	79.71551268997437	0	0.0	1	0	53366.0	999.7597741935484	840.9974165033401	0.8411994943302522	0.16191502405738667	6.0	0.5	1: Needles	2.0	False	1751822588.5999994	403.031870967742	404.9433548387096	1.4887651612903228	0.32801980645161294	402.258870967742	1.6914316129032256	800.0237741935485	101.3691612903226	0.10028666774193548	28.544667741935488	28.47620967741935	999.9000000000003	0.0	0.0	10002.541290322582	0.0	0.00152894	-1.8218970967741936	403.72258064516126	405.0762258064515	1.1607464516129031	404.9433548387096	0.32801980645161294	0.15091496774193552	0.033251090322580654	-17.885251612903225	-34.40747419354839	999.7597741935484	0.9600176451612904	0.039982490322580645	0.0	-0.3204838709677419	0.0	4607.343548387096	7945.0629032258075	35.56199999999999	38.5	36.81199999999998	37.81403225806451	36.18299999999999	959.7864516129033	39.97354838709677	0.0	1751822615.1	0.0	1751822625.1	10:23:45	1751822625.1	1751822414.6	3	-0.089	0.128	0.773	-0.187	405.0	0.0	0.44	0.05	-1.83038325	0.22891868667917928	0.03851793013568487	0	1.21101825	-0.898305703564733	0.0886489937587421	0	0	2	0/2	3.44144	2.78088	0.0963519	0.0967758	0.0131942	0.0028919	27068.3	30782.3	29107.1	34680.7	33240.1	42791.5	35828.5	45741.2	2.49748	2.14715	0.0379048	0	27.8654	999.9	59.1	26.1	19.7893	62.04	25.645	2	-0.00174289	0	20.2921	5.2095	11.973	4.99045	3.272	3808.9	9999.0	9999.0	999.9	4.97263	1.86279	1.86462	1.8631	1.8631	1.86359	1.86007	1.86292	0.0	0.0	0.0	0.0	11111111	oooooooo	on	on	on	on	0.0	100.0	100.0	0.773	-0.2021	1.1454819919551893	-0.0010337305037507979	9.120241388950126e-07	-2.246115299815222e-10	-0.17786649464299703	-0.01814858093373864	0.0020919599883593687	-1.9087170078860404e-05	2.0	2210.0	1.0	26.0	1.6	3.0	1.24634	2.37793	2.34741	2.68799	2.39868	2.29248	32.2225	16.1284	18	844.914	614.725	27.7953	27.4476	30.001	27.1267	27.0702	24.993	100	0	-999.9	405	0	99.9338	100.032	
4	1751822702.6	316.0	20250706 10:25:02	10:25:02	15	1751822694.8499994	0.0012234318175381304	1.2234318175381305	0.44158019784488334	404.24733333333336	357.34447020507326	36.259763449453885	41.01899960373615	0.031108805704329997	3.0	0.030930699096047818	0.01934760395278912	161.91438880844072	29.535217126520735	29.152499999999996	4.057399693277381	3.1637901554945924	0.1266035125663601	4.001640638096248	3.9307961807110203	-53.95334315343155	-38.68671207999912	-2.8399755915331926	66.43435798347684	0.44158019784488334	1.2234318175381305	0.4254675524206171	405.0780429031676	404.7605878787878	-0.000516941030040785	66.940566955654	1.1103449248209885	0.3315130237459947	1.185225151515151	-0.005457689513143349	79.72827605795923	25.0	3.0	1	0	53465.0	999.9925666666663	841.1935358800208	0.8411997887984511	0.1619155923810108	6.0	0.5	1: Needles	2.0	False	1751822694.8499994	404.24733333333336	404.9494333333333	1.2476933333333333	0.3312799	403.50933333333336	1.4336933333333333	800.0136	101.36996666666664	0.10008946333333332	28.913303333333335	29.152499999999996	999.9000000000002	0.0	0.0	10003.648333333334	0.0	0.00152894	-0.6665191000000001	404.78249999999997	405.0835333333333	0.9027736333333334	404.9494333333333	0.3312799	0.12509606666666667	0.03358186666666667	-20.07617666666666	-34.30727	999.9925666666663	0.9600053999999997	0.03999462666666667	0.0	2.0798333333333336	0.0	6566.062666666667	7946.876666666666	35.5	38.375	36.68699999999999	37.7416	36.125	960.0000000000002	39.992666666666665	0.0	1751822721.3	0.0	1751822721.6	10:25:21	1751822718.6	1751822721.6	4	-0.035	0.001	0.738	-0.186	405.0	0.0	0.27	0.1	-0.6773223500000001	0.23037109193245853	0.0276745070665676	0	0.9408180500000001	-0.6324044577861158	0.06200888300959389	0	0	2	0/2	3.44162	2.78069	0.0965043	0.0967102	0.0112518	0.00291928	27054.6	30775	29098.1	34671.1	33296	42778.5	35818.2	45728.7	2.44453	2.14008	0.0741705	0	27.9826	999.9	58.1	26.4	19.8004	61.85	25.5449	2	0.0166514	0	20.292	5.2107	11.9734	4.9899	3.272	3812.3	9999.0	9999.0	999.9	4.97261	1.86281	1.86463	1.8631	1.8631	1.86364	1.86012	1.86295	0.0	0.0	0.0	0.0	11111111	oooooooo	on	on	on	on	0.0	100.0	100.0	0.738	-0.186	1.0569525351961397	-0.0010337305037507979	9.120241388950126e-07	-2.246115299815222e-10	-0.17786649464299703	-0.01814858093373864	0.0020919599883593687	-1.9087170078860404e-05	2.0	2210.0	1.0	26.0	1.3	4.8	1.24878	2.38037	2.34741	2.68433	2.39868	2.23633	32.5318	16.1196	18	802.193	612.516	28.149	27.7287	30.0009	27.4286	27.374	25.038	100	0	-999.9	405	0	99.9041	100.005	
5	1751822812.1	425.5	20250706 10:26:52	10:26:52	15	1751822804.3499994	0.002338005175698739	2.338005175698739	4.6004322047256005	400.8141	259.2946519363016	26.312592615155012	40.67364308887038	0.06132641402537676	3.0	0.06063837954893295	0.03796016107682354	161.9167286084011	29.481228582302236	29.087566666666667	4.042196524824822	5.21766745838678	0.21157929037778475	4.055055100104093	3.8306172344470375	-103.1060282483144	8.884697599999598	0.6527541125675426	68.34815207265383	4.6004322047256005	2.338005175698739	4.4157694484032675	405.0798319146524	401.6891818181818	0.023029403434800845	66.94015425551142	2.2403436999320387	0.3353323757143676	2.035230848484848	-0.005732712168355355	79.80809147965905	87.0	11.0	1	0	53412.0	1000.0045666666667	841.2038358800006	0.8411999944000261	0.16191598919205044	6.0	0.5	1: Needles	2.0	False	1751822804.3499994	400.8141	404.96723333333335	2.084985666666667	0.33514619999999995	400.0781	2.2931416666666666	800.0038333333334	101.37730000000003	0.10027548666666666	29.1425	29.087566666666667	999.9000000000002	0.0	0.0	10003.125	0.0	0.0015544219999999997	-4.149579666666667	401.65493333333336	405.1029	1.7498390000000001	404.96723333333335	0.33514619999999995	0.2113701	0.03397621333333334	-13.833476666666664	-34.18898	1000.0045666666667	0.9600005666666669	0.039999266666666665	0.0	1.5943333333333336	0.0	7953.838	7946.954999999999	35.397733333333335	38.27273333333333	36.612399999999994	37.63533333333333	36.062	960.0046666666668	40.0	0.0	1751822830.5	0.0	1751822829.6	10:27:09	1751822829.6	1751822721.6	5	-0.002	0.001	0.736	-0.186	405.0	0.0	0.38	0.1	-4.159709024390245	0.09506634146342195	0.020039779318788576	1	1.7927046341463415	-0.6665032055749163	0.06727810244625358	0	1	2	1/2	3.44147	2.78088	0.0958369	0.0966435	0.0175661	0.0029549	27066.4	30769.1	29090.1	34663	33073.5	42766.9	35808.1	45718	2.35012	2.13482	0.0558421	0	28.1939	999.9	57	26.7	19.7713	62.22	25.597	2	0.0319029	0	20.2919	5.21085	11.973	4.9904	3.272	3815.4	9999.0	9999.0	999.9	4.97261	1.86287	1.86465	1.8631	1.8631	1.8637	1.86017	1.86295	0.0	0.0	0.0	0.0	11111111	oooooooo	on	on	on	on	0.0	100.0	100.0	0.736	-0.2077	1.021474622702134	-0.0010337305037507979	9.120241388950126e-07	-2.246115299815222e-10	-0.17731159377560535	-0.01814858093373864	0.0020919599883593687	-1.9087170078860404e-05	2.0	2210.0	1.0	26.0	1.6	1.5	1.25	2.37549	2.34863	2.68433	2.39868	2.24487	32.8202	16.1196	18	726.671	611.205	28.4909	27.9768	30.0005	27.6915	27.6311	25.0724	100	0	-999.9	405	0	99.8763	99.9811	
6	1751822916.6	530.0	20250706 10:28:36	10:28:36	15	1751822908.5999994	0.00273316298444652	2.73316298444652	4.906477368628248	400.4730645161291	267.23208296451156	27.11849807891412	40.639686336538176	0.07065799317496088	3.0	0.0697463209869864	0.04367238065702205	161.9119469590996	29.452548283611407	29.471451612903227	4.132803601507903	5.9390675938532205	0.24183282355046673	4.0718988246700105	3.8909707779574365	-120.53248761409152	-41.60215130322604	-3.0634083154391036	-3.2861002736570555	4.906477368628248	2.73316298444652	4.846237730459615	405.09145882700557	401.45092727272726	0.0013863078821877634	66.94027458650011	2.617546733948657	0.33831279133257297	2.323143636363636	-0.0065318520265930545	79.75500869504154	1.0	0.0	1	0	53087.0	999.9782258064516	841.1814102579322	0.8411997267035942	0.16191547253793712	6.0	0.5	1: Needles	2.0	False	1751822908.5999994	400.4730645161291	404.97377419354837	2.383077741935484	0.33812093548387095	399.7600645161291	2.5937174193548396	800.0119032258065	101.37896774193548	0.10023257741935482	29.214229032258064	29.471451612903227	999.9000000000003	0.0	0.0	9997.394838709677	0.0	0.00152894	-4.476315161290322	401.4542258064516	405.11083870967747	2.0449570967741937	404.97377419354837	0.33812093548387095	0.24159383870967738	0.03427832903225806	-12.187041935483872	-34.0992	999.9782258064516	0.9600092258064516	0.03999060645161292	0.0	3.5283870967741935	0.0	6440.533225806452	7946.770967741936	35.26	38.125	36.479677419354836	37.46341935483869	35.979677419354836	959.9877419354839	39.99	0.0	1751822934.9	0.0	1751822937.6	10:28:57	1751822937.6	1751822721.6	6	-0.022	0.001	0.713	-0.186	405.0	0.0	0.26	0.1	-4.4774248780487795	-0.03664912891986087	0.029461189693490965	1	2.088486097560976	-0.793475958188147	0.08065164927707572	0	1	2	1/2	3.44147	2.78089	0.0957331	0.0966042	0.0196006	0.00297439	27066.1	30767	29086.8	34659.8	33001.5	42762.6	35804.5	45714.4	2.47045	2.13105	0.0780821	0	28.2274	999.9	55.9	27	19.7361	62.35	25.5529	2	0.0407546	0	20.2918	5.21055	11.9737	4.98975	3.272	3818.5	9999.0	9999.0	999.9	4.97263	1.86293	1.86468	1.86312	1.86311	1.86371	1.8602	1.86295	0.0	0.0	0.0	0.0	11111111	oooooooo	on	on	on	on	0.0	100.0	100.0	0.713	-0.2102	1.0192557401456444	-0.0010337305037507979	9.120241388950126e-07	-2.246115299815222e-10	-0.17731159377560535	-0.01814858093373864	0.0020919599883593687	-1.9087170078860404e-05	2.0	2210.0	1.0	26.0	1.4	3.2	1.25122	2.38403	2.34741	2.68311	2.39868	2.26929	33.0652	16.1109	18	831.058	610.131	28.7318	28.132	30.0003	27.8584	27.8048	25.1037	100	0	-999.9	405	0	99.8657	99.9727	
7	1751823039.6	653.0	20250706 10:30:39	10:30:39	15	1751823031.5999994	0.0026398619270806404	2.6398619270806405	3.980050066898578	401.1993870967743	286.2561460689384	29.046745156367294	40.71016994368485	0.06877406363356628	3.0	0.06791003795526444	0.042520498530205245	161.920304499859	29.731309556104094	29.314358064516128	4.095513558030363	5.691911404813334	0.2352062040833589	4.1322885645138125	3.860307353947004	-116.41791098425624	25.058123690323146	1.8460721263182818	72.40658933224418	3.980050066898578	2.6398619270806405	3.9378572851979476	405.13311541186164	402.17809090909077	0.00017989121246547377	66.94011252105447	2.6014840722830126	0.34297893974087584	2.2913131515151517	-0.00041855724299217576	79.85560063891809	56.0	7.0	1	0	53170.0	1000.0269677419357	841.2226531354778	0.8411999678718279	0.16191593799262793	6.0	0.5	1: Needles	2.0	False	1751823031.5999994	401.1993870967743	404.9787741935484	2.3179609677419357	0.3426453225806452	400.49138709677425	2.5280896774193558	799.9965483870969	101.37106451612904	0.10010232258064516	29.469290322580648	29.314358064516128	999.9000000000003	0.0	0.0	9992.617741935483	0.0	0.00152894	-3.7725551612903225	402.1384516129032	405.11767741935483	1.975315161290323	404.9787741935484	0.3426453225806452	0.23497406451612898	0.034734316129032265	-12.529822580645163	-33.96500967741936	1000.0269677419357	0.960000322580645	0.039999490322580655	0.0	1.9524193548387094	0.0	6468.351290322581	7947.137096774195	35.25	38.06199999999998	36.39699999999999	37.39899999999999	35.93699999999999	960.0267741935486	40.0	0.0	1751823057.9	0.0	1751823060.6	10:31:00	1751823060.6	1751822721.6	7	-0.005	0.001	0.708	-0.186	405.0	0.0	0.25	0.1	-3.774583	0.09499452157598882	0.02150602929413056	1	1.9858712500000002	-0.2620508442776787	0.02535873036919437	0	1	2	1/2	3.44143	2.78078	0.0958206	0.0965557	0.019372	0.00301382	27059.2	30763.5	29082.7	34654.7	33005.3	42755.4	35800.2	45708.6	2.38985	2.1261	0.0616908	0	28.3488	999.9	54.7	27.3	19.657	61.84	25.5529	2	0.0500813	0	20.2923	5.20965	11.9737	4.9904	3.272	3822.3	9999.0	9999.0	999.9	4.97262	1.86295	1.86476	1.86316	1.8631	1.86371	1.8602	1.86299	0.0	0.0	0.0	0.0	11111111	oooooooo	on	on	on	on	0.0	100.0	100.0	0.708	-0.2099	0.9969967344495263	-0.0010337305037507979	9.120241388950126e-07	-2.246115299815222e-10	-0.17731159377560535	-0.01814858093373864	0.0020919599883593687	-1.9087170078860404e-05	2.0	2210.0	1.0	26.0	1.7	5.3	1.25244	2.39014	2.34863	2.68188	2.39868	2.20703	33.3335	16.1021	18	763.515	608.154	28.9688	28.2744	30.0006	28.0292	27.9805	25.1311	100	0	-999.9	405	0	99.8528	99.9591	
8	1751823186.1	799.5	20250706 10:33:06	10:33:06	15	1751823178.3499994	0.003781827775033607	3.781827775033607	4.582344523168794	400.4146	302.0754616495165	30.64800965949074	40.625314156896415	0.09765562597774867	3.0	0.09592338539459921	0.06010519143983671	161.9189094	29.780355917095804	29.886070000000007	4.232648570217225	7.651189742944645	0.322403548421842	4.213770135803238	3.9102450217953826	-166.77860487898207	-12.572817520001134	-0.9304504877042548	-18.362963486687473	4.582344523168794	3.781827775033607	4.523383542605844	405.1489161433294	401.75136363636346	0.0011544393357398157	66.94002886715579	3.735263230661619	0.3503522234877557	3.1464230303030294	-0.0008690562589054258	79.80221801566928	154.0	19.0	1	0	53126.0	1000.0126666666666	841.2110999999999	0.8412004447943658	0.16191685845312626	6.0	0.5	1: Needles	2.0	False	1751823178.3499994	400.4146	404.98699999999997	3.177700666666667	0.35039410000000004	399.76460000000003	3.393253	800.0144666666669	101.35773333333331	0.10039071333333331	29.808333333333334	29.886070000000007	999.9000000000002	0.0	0.0	10002.331666666667	0.0	0.00152894	-4.5125720000000005	401.7511000000001	405.12893333333335	2.827307	404.98699999999997	0.35039410000000004	0.32208479999999995	0.03551517333333333	-8.560061	-33.73887	1000.0126666666666	0.9599857000000003	0.04001432333333334	0.0	1.2373333333333332	0.0	7180.716666666668	7946.963666666666	35.379133333333336	38.16219999999999	36.4958	37.625	36.125	959.9973333333332	40.01533333333334	0.0	1751823204.3	0.0	1751823205.6	10:33:25	1751823205.6	1751822721.6	8	-0.058	0.001	0.65	-0.186	405.0	0.0	0.45	0.1	-4.524640975609756	0.21082202090590565	0.03596842726647628	0	2.8483034146341466	-0.3320734494773507	0.03291040562035614	0	0	2	0/2	3.4415	2.78122	0.0956176	0.0964925	0.0251752	0.00307378	27056	30755	29073.5	34643.7	32799.2	42738.6	35789.1	45693.6	2.23358	2.11867	0.067018	0	28.7962	999.9	53.5	27.7	19.6828	62.11	25.617	2	0.0675025	0	20.2921	5.21115	11.974	4.9904	3.272	3826.7	9999.0	9999.0	999.9	4.97262	1.86295	1.86478	1.86325	1.86324	1.86372	1.8602	1.86301	0.0	0.0	0.0	0.0	11111111	oooooooo	on	on	on	on	0.0	100.0	100.0	0.65	-0.2154	0.9916687205027856	-0.0010337305037507979	9.120241388950126e-07	-2.246115299815222e-10	-0.17731159377560535	-0.01814858093373864	0.0020919599883593687	-1.9087170078860404e-05	2.0	2210.0	1.0	26.0	2.1	7.7	1.25366	2.39624	2.34741	2.67822	2.39868	2.22412	33.6479	16.0934	18	643.994	604.974	29.2904	28.5235	30.0006	28.2797	28.2243	25.153	100	0	-999.9	405	0	99.8215	99.9268	
9	1751823284	897.4000000953674	20250706 10:34:44	10:34:44	15	1751823276.0258067	0.0014367550069318382	1.4367550069318382	0.3609942404728426	404.2741935483871	361.87404839739554	36.71496170833396	41.01678913293261	0.034579993299261876	3.0	0.03436007375719335	0.02149468825073925	161.91452293911624	30.467592275064447	30.139429032258064	4.294689698313787	3.425028101284797	0.14508763352924242	4.2361005293596605	4.149602064784545	-63.360895805694064	-38.68359909677418	-2.86767605182231	57.00235198482567	0.3609942404728426	1.4367550069318382	0.27257898680895226	405.1035623484775	404.9097696969697	-0.0031810249754837365	66.94004624853733	1.2646067706486452	0.35367560364882095	1.3335208484848484	-0.008140688012088313	79.84942034268761	0	0.0	1	0	53331.0	999.9965806451614	841.196645186572	0.8411995215462262	0.1619150765842168	6.0	0.5	1: Needles	2.0	False	1751823276.0258067	404.2741935483871	404.98054838709675	1.4300287096774191	0.3540385483870968	403.6851935483871	1.6150287096774192	800.026129032258	101.35758064516126	0.10026600322580645	29.900251612903226	30.139429032258064	999.9000000000003	0.0	0.0	10006.107096774193	0.0	0.00152894	-0.6453798387096774	404.9075161290323	405.1238387096774	1.0597503548387097	404.98054838709675	0.3540385483870968	0.1432983548387097	0.03588451935483871	-18.49827419354839	-33.63347419354839	999.9965806451614	0.9600150645161293	0.03998507741935483	0.0	1.0927419354838712	0.0	3457.5887096774195	7946.939032258062	35.375	38.17699999999999	36.5	37.61483870967741	36.125	960.0116129032259	39.983870967741936	0.0	1751823302.7	0.0	1751823307.5	10:35:07	1751823302	1751823307.5	9	-0.061	0.002	0.589	-0.185	405.0	0.0	0.26	0.09	-0.6524307804878049	0.20216446223255682	0.04175137886930682	0	1.1199219268292682	-1.0996360933531255	0.11125777413306194	0	0	2	0/2	3.44155	2.78062	0.0962913	0.096458	0.012339	0.00310529	27031.5	30751.9	29069.4	34639.5	33228.2	42732.4	35785.1	45688.5	2.48565	2.11515	0.0790693	0	28.86	999.9	52.8	27.9	19.6529	61.46	25.5849	2	0.0761585	0	20.2918	5.2101	11.9739	4.98975	3.272	3829.4	9999.0	9999.0	999.9	4.9726	1.86295	1.86478	1.86325	1.86324	1.86372	1.8602	1.86304	0.0	0.0	0.0	0.0	11111111	oooooooo	on	on	on	on	0.0	100.0	100.0	0.589	-0.185	0.9333658050185869	-0.0010337305037507979	9.120241388950126e-07	-2.246115299815222e-10	-0.17731159377560535	-0.01814858093373864	0.0020919599883593687	-1.9087170078860404e-05	2.0	2210.0	1.0	26.0	1.3	9.4	1.25488	2.3999	2.34741	2.67822	2.39868	2.22656	33.8283	16.0846	18	852.563	603.625	29.4481	28.662	30.0003	28.4012	28.3556	25.1711	100	0	-999.9	405	0	99.809	99.9152	
10	1751823406.5	1019.9000000953674	20250706 10:36:46	10:36:46	15	1751823398.5	0.012812443771618422	12.812443771618423	-19.24804692271681	415.4237419354838	471.7565825205357	47.84325216500041	42.130250169603585	0.41020488101136526	3.0	0.38139836825246215	0.24079334133785413	161.9150061075054	27.559843673687336	30.23685483870967	4.318756879113206	23.66284991875883	1.00124276003611	4.231285595241722	3.317514119077096	-565.0287703283724	-57.640623483870726	-4.274633396871903	-465.0290211016096	-19.24804692271681	12.812443771618423	-19.28524009275935	405.1048927564341	419.5721212121209	0.0003523547128727357	66.94003562888263	12.67315998146445	0.3589068339950146	9.805121636363632	-0.008717532315450633	79.84539915919684	800.0	100.0	1	0	52927.0	999.9902580645161	841.1921074065297	0.8412003023256039	0.16191658348841553	6.0	0.5	1: Needles	2.0	False	1751823398.5	415.4237419354838	404.98016129032254	9.872716451612902	0.3587180322580645	414.8390967741936	10.039103548387097	800.0390322580646	101.35309677419355	0.06202690967741935	29.88046774193548	30.23685483870967	999.9000000000003	0.0	0.0	10000.083870967741	0.0	0.00152894	10.443532258064517	419.5659677419354	405.12548387096774	9.51399741935484	404.98016129032254	0.3587180322580645	1.0006300322580646	0.03635717419354839	6.92544935483871	-33.50001290322581	999.9902580645161	0.9599903548387093	0.04000937096774196	0.0	2.5796774193548386	0.0	4399.779032258064	7946.807096774193	35.245935483870966	38.0	36.375	37.375	36.0	959.9803225806453	40.009677419354844	0.0	1751823425.1	0.0	1751823307.5	10:35:07	1751823302	1751823307.5	9	-0.061	0.002	0.589	-0.185	405.0	0.0	0.26	0.09	10.436531707317073	0.21771428571431758	0.03403315054633445	0	9.537446097560977	-0.5544209059233358	0.05467978281033692	0	0	2	0/2	3.44146	2.7426	0.0983096	0.0964409	0.0619928	0.0031474	26973.1	30751.7	29071.1	34639	31552.6	42730.8	35785.7	45688.8	0.301	2.1121	0.0951588	0	28.7117	999.9	51.9	28.2	19.6606	62.19	23.4856	2	0.0784604	0	20.2918	5.211	11.974	4.99035	3.272	3833.1	9999.0	9999.0	999.9	4.97261	1.86295	1.86478	1.86325	1.86324	1.86371	1.8602	1.86301	0.0	0.0	0.0	0.0	11111111	oooooooo	on	on	on	on	0.0	100.0	100.0	0.585	-0.1677	0.8725369851801155	-0.0010337305037507979	9.120241388950126e-07	-2.246115299815222e-10	-0.17572492855188274	-0.01814858093373864	0.0020919599883593687	-1.9087170078860404e-05	2.0	2210.0	1.0	26.0	1.7	1.6	1.2561	2.39624	2.34863	2.67578	2.39868	2.29858	34.0545	16.0846	18	-0.430669	602.088	29.5386	28.72	30.0002	28.7299	28.434	25.1912	100	0	-999.9	405	0	99.8125	99.9149	
11	1751823509.5	1122.9000000953674	20250706 10:38:29	10:38:29	15	1751823501.5	0.0016550352748639717	1.6550352748639716	2.7715093107062208	402.41693548387093	268.92662916737027	27.284182095544548	40.827555754025454	0.040131377955281926	3.0	0.039835505936696325	0.024923592154648667	161.91579629570384	30.645035772795612	30.10268064516129	4.285642117037902	3.7942606657347175	0.16289333761984112	4.2931509448178256	4.122748779418061	-72.98705562150116	4.933469729032345	0.36608110281773465	94.22829150605276	2.7715093107062208	1.6550352748639716	2.8122836016500705	405.1234409632035	403.0317999999999	-0.005450793650829913	66.94	1.6312105124225638	0.36654460864119215	1.5887931515151508	-0.00019714991667879085	79.83630676272622	0	0.0	1	0	52983.0	999.9950967741935	841.1961812128834	0.8412003058079313	0.16191659020930746	6.0	0.5	1: Needles	2.0	False	1751823501.5	402.41693548387093	404.99506451612905	1.6055587096774198	0.3662817419354839	401.83693548387095	1.8073635483870967	800.0042258064516	101.35593548387095	0.09992323870967741	30.13318387096774	30.10268064516129	999.9000000000003	0.0	0.0	10001.253225806451	0.0	0.00152894	-2.5684161290322582	403.07383870967755	405.14361290322574	1.2392767741935484	404.99506451612905	0.3662817419354839	0.16273287096774194	0.03712483225806452	-16.986706451612903	-33.28653870967742	999.9950967741935	0.9599893225806455	0.0400110451612903	0.0	0.15774193548387105	0.0	5173.256774193548	7946.838709677419	35.31199999999999	38.06199999999998	36.39899999999999	37.5	36.05799999999999	959.9851612903226	40.01	0.0	1751823528.3	0.0	1751823526.5	10:38:46	1751823526.5	1751823307.5	10	-0.009	0.002	0.58	-0.185	405.0	0.0	0.37	0.09	-2.5719817073170734	0.07232592334494667	0.018931879282908726	1	1.2499170731707316	-0.17865052264808484	0.017744650068902943	0	1	2	1/2	3.44143	2.7802	0.0959103	0.0964178	0.0142598	0.00321402	27039.9	30748.8	29066.5	34635.1	33161.1	42723.4	35782.7	45684	2.48622	2.10922	0.0692382	0	29.0204	999.9	51.3	28.4	19.6587	62.03	25.621	2	0.0833613	0	20.2916	5.20995	11.974	4.98985	3.272	3836.1	9999.0	9999.0	999.9	4.97261	1.86295	1.86478	1.86325	1.86325	1.86374	1.86026	1.86309	0.0	0.0	0.0	0.0	11111111	oooooooo	on	on	on	on	0.0	100.0	100.0	0.58	-0.2016	0.8725369851801155	-0.0010337305037507979	9.120241388950126e-07	-2.246115299815222e-10	-0.17572492855188274	-0.01814858093373864	0.0020919599883593687	-1.9087170078860404e-05	2.0	2210.0	1.0	26.0	3.5	3.4	1.25732	2.40356	2.34741	2.677	2.39868	2.24976	34.2133	16.0671	18	855.245	600.678	29.6638	28.7811	30.0004	28.5513	28.5118	25.2039	100	0	-999.9	405	0	99.8008	99.904	
12	1751823618	1231.4000000953674	20250706 10:40:18	10:40:18	15	1751823610.25	0.0025191930080160486	2.5191930080160487	4.6642040699461385	400.74503333333337	261.6370931647763	26.544529984343956	40.65779979711877	0.06388353607343503	3.0	0.06313730409214013	0.03952713464190455	161.91083809295463	30.60234328542172	29.706529999999997	4.189158098695801	5.285042357399435	0.22920589869931984	4.336879124126892	3.959952199996481	-111.09641165350774	97.58718944000066	7.233465428312269	155.6350813077598	4.6642040699461385	2.5191930080160487	4.753621682186737	405.187842379991	401.6219939393938	-0.00020416986960615128	66.94013057516857	2.465199822777504	0.37425930603628765	2.224161878787877	-0.0012774105545344271	79.86411069978084	248.0	31.0	1	0	52992.0	999.9712666666668	841.1755655196657	0.8411997359920798	0.16191549046471396	6.0	0.5	1: Needles	2.0	False	1751823610.25	400.74503333333337	405.00033333333334	2.259175999999999	0.3740579666666667	400.14503333333334	2.467227666666667	800.0034999999999	101.35563333333333	0.09989678	30.309903333333335	29.706529999999997	999.9000000000002	0.0	0.0	10007.285	0.0	0.00152894	-4.2733273333333335	401.63430000000005	405.1519333333334	1.8851173333333333	405.00033333333334	0.3740579666666667	0.22898023333333334	0.037912896666666675	-12.849406666666669	-33.07149666666667	999.9712666666668	0.9600077333333333	0.039991896666666665	0.0	1.9718333333333333	0.0	8108.023000000001	7946.7096666666675	35.389466666666664	38.14773333333333	36.497899999999994	37.6019	36.125	959.98	39.99	0.0	1751823636.3	0.0	1751823635	10:40:35	1751823635	1751823307.5	11	0.019	0.002	0.6	-0.185	405.0	0.0	0.3	0.09	-4.27469925	-0.018410994371487854	0.02771683643451216	1	1.9040489999999999	-0.40699429643527046	0.039763503417078315	0	1	2	1/2	3.44162	2.78066	0.0955822	0.0963996	0.0188458	0.00327524	27045.1	30745.4	29061.9	34631	33001.3	42715.8	35777	45678.7	2.06815	2.10532	0.0412688	0	29.1017	999.9	50.6	28.6	19.616	61.93	25.7011	2	0.0912271	0	20.2918	5.20995	11.974	4.98965	3.272	3839.5	9999.0	9999.0	999.9	4.97263	1.86299	1.86481	1.86328	1.86325	1.86385	1.86031	1.8631	0.0	0.0	0.0	0.0	11111111	oooooooo	on	on	on	on	0.0	100.0	100.0	0.6	-0.2077	0.8640103049483816	-0.0010337305037507979	9.120241388950126e-07	-2.246115299815222e-10	-0.17572492855188274	-0.01814858093373864	0.0020919599883593687	-1.9087170078860404e-05	2.0	2210.0	1.0	26.0	1.5	5.2	1.25732	2.39624	2.34741	2.677	2.39868	2.32178	34.418	16.0758	18	535.02	598.747	29.7932	28.886	30.0005	28.6675	28.6155	25.2164	100	0	-999.9	405	0	99.785	99.8923	
13	1751823713	1326.4000000953674	20250706 10:41:53	10:41:53	15	1751823705.0	0.0025320499242441827	2.5320499242441827	3.838987752917824	401.342064516129	282.2754659913641	28.639143788092525	40.71941942782578	0.06385752805069281	3.0	0.06311189972718413	0.03951120355643721	161.9166223384726	30.61604553778242	29.801893548387103	4.212209523829795	5.317457829884036	0.23083562948076497	4.341089988217153	3.98137389434903	-111.66340165916846	84.90253060645098	6.296736805758112	141.45248809151323	3.838987752917824	2.5320499242441827	3.8247532730933944	405.16480597311596	402.2954666666665	-9.038513465200372e-05	66.94074759111417	2.372870891860881	0.3810258128414975	2.192126121212121	-0.008808774212166906	79.9330008099611	61.0	8.0	1	0	52766.0	1000.0072903225805	841.2058434580084	0.8411997108407617	0.1619154419226702	6.0	0.5	1: Needles	2.0	False	1751823705.0	401.342064516129	404.9834516129032	2.2751809677419357	0.3804731935483871	400.77606451612905	2.4833593548387096	800.003806451613	101.35825806451612	0.09988208064516131	30.32683870967742	29.801893548387103	999.9000000000003	0.0	0.0	10000.681612903227	0.0	0.00152894	-3.6062274193548394	402.2923870967742	405.1374838709678	1.8947070967741937	404.9834516129032	0.3804731935483871	0.23060832258064518	0.03856408387096774	-12.765290322580645	-32.896835483870966	1000.0072903225805	0.9600077419354841	0.03999236774193548	0.0	1.5653225806451614	0.0	6480.439677419355	7946.995161290321	35.479677419354836	38.28199999999999	36.6128064516129	37.68699999999998	36.25	960.0164516129033	39.990645161290324	0.0	1751823731.7	0.0	1751823730	10:42:10	1751823730	1751823307.5	12	-0.034	0.002	0.566	-0.185	405.0	0.0	0.2	0.09	-3.5855575609756096	-0.26138425087107736	0.04914601042193176	0	1.9607865853658535	-1.186426829268294	0.12177675693581143	0	0	2	0/2	3.44143	2.7801	0.0956821	0.0963832	0.0186039	0.00332924	27038	30741.4	29057.8	34626.3	33005.2	42708	35772.4	45672.9	2.372	2.1023	0.0417605	0	29.2194	999.9	50	28.9	19.7246	62.27	25.7973	2	0.0984121	0	20.2915	5.20696	11.974	4.98875	3.272	3842.3	9999.0	9999.0	999.9	4.9726	1.86301	1.86485	1.86331	1.86327	1.86384	1.86034	1.8631	0.0	0.0	0.0	0.0	11111111	oooooooo	on	on	on	on	0.0	100.0	100.0	0.566	-0.2075	0.883297040823434	-0.0010337305037507979	9.120241388950126e-07	-2.246115299815222e-10	-0.17572492855188274	-0.01814858093373864	0.0020919599883593687	-1.9087170078860404e-05	2.0	2210.0	1.0	26.0	1.3	6.8	1.25854	2.39746	2.34741	2.677	2.39868	2.2998	34.6006	16.0671	18	757.84	597.382	29.9069	28.9889	30.0004	28.7556	28.7087	25.2284	100	0	-999.9	405	0	99.7716	99.8793	
14	1751823802.5	1415.9000000953674	20250706 10:43:22	10:43:22	15	1751823794.75	0.0021071109671902343	2.107110967190234	4.222507550755125	401.1952	246.2731319944298	24.98659099913856	40.70480726839632	0.05106400768750516	3.0	0.050586010473361524	0.031658829665284965	161.9183238197542	30.762403576496865	30.285686666666667	4.330864001101014	4.5748823815290995	0.1990384387223115	4.350678818015542	4.131825562378703	-92.92359365308933	12.884428879999296	0.9580363300225243	82.8371953766867	4.222507550755125	2.107110967190234	4.15443288180284	405.1653959339243	402.05083030303035	-0.0007386601594806804	66.94025878070745	2.020971672223375	0.3847290996894525	1.9176366666666664	-0.0050052040985169655	79.87527212587558	47.0	6.0	1	0	52992.0	1000.0184333333332	841.2151637200798	0.8411996576063914	0.16191533918033532	6.0	0.5	1: Needles	2.0	False	1751823794.75	401.1952	404.9961333333333	1.9617649999999998	0.3845193333333333	400.7042	2.1671886666666667	799.9935666666665	101.35870000000001	0.1001591	30.365349999999996	30.285686666666667	999.9000000000002	0.0	0.0	9997.939333333334	0.0	0.00152894	-3.7247646666666663	402.06010000000003	405.15193333333343	1.577247	404.9961333333333	0.3845193333333333	0.198842	0.038974386666666666	-14.57831	-32.78810333333333	1000.0184333333332	0.9600128666666666	0.03998734999999999	0.0	2.0965000000000003	0.0	7089.044333333334	7947.102666666667	35.441199999999995	38.287199999999984	36.625	37.625	36.2416	960.0293333333333	39.989333333333335	0.0	1751823821.1	0.0	1751823825.5	10:43:45	1751823825.5	1751823307.5	13	-0.074	0.002	0.491	-0.185	405.0	0.0	0.69	0.09	-3.730129512195122	0.10987860627177473	0.02078078415281646	0	1.6064558536585365	-0.5641942160278723	0.05701242038301657	0	0	2	0/2	3.44153	2.78104	0.0956511	0.0963664	0.0166493	0.0033604	27037.6	30741.1	29056.5	34625.5	33069.9	42705.8	35771.2	45672	2.39208	2.09973	0.0641197	0	29.2545	999.9	49.5	29.1	19.7547	62.1901	25.6931	2	0.101372	0	20.2917	5.2107	11.974	4.98985	3.272	3844.7	9999.0	9999.0	999.9	4.97263	1.86305	1.86492	1.86337	1.8633	1.86385	1.86035	1.8631	0.0	0.0	0.0	0.0	11111111	oooooooo	on	on	on	on	0.0	100.0	100.0	0.491	-0.205	0.84947200387176	-0.0010337305037507979	9.120241388950126e-07	-2.246115299815222e-10	-0.17572492855188274	-0.01814858093373864	0.0020919599883593687	-1.9087170078860404e-05	2.0	2210.0	1.0	26.0	1.2	8.2	1.25854	2.40479	2.34741	2.67334	2.39868	2.27051	34.7608	16.0583	18	775.479	595.984	29.9837	29.0433	30.0001	28.8117	28.7652	25.2383	100	0	-999.9	405	0	99.7677	99.8772	
15	1751823900.5	1513.9000000953674	20250706 10:45:00	10:45:00	15	1751823892.5	0.002955132626947749	2.955132626947749	2.326882810772065	402.3435483870968	325.27788640410034	33.00283492812041	40.82195029795975	0.07142976717755324	3.0	0.07049821202382067	0.04414406681579753	161.91360310220597	30.695338274956754	30.636948387096776	4.418829008014353	6.016146993993278	0.2639735338630215	4.387750733593802	4.154855474151332	-130.32134884839573	-19.958222400000604	-1.487684732013869	10.146347121795774	2.326882810772065	2.955132626947749	2.355123392062388	405.12829194927065	403.3628424242425	-0.00046017191103922675	66.94073793291354	2.8656981164224935	0.39164679179279704	2.556289272727273	-0.005213259010194844	79.92281301077139	34.0	4.0	1	0	53011.0	999.9863870967741	841.1884489548451	0.8411999001276791	0.16191580724642074	6.0	0.5	1: Needles	2.0	False	1751823892.5	402.3435483870968	404.98038709677405	2.601738709677419	0.3912036451612903	401.8195483870968	2.8123800000000005	800.0173870967743	101.36051612903226	0.09991603548387097	30.513548387096773	30.636948387096776	999.9000000000003	0.0	0.0	10004.191612903227	0.0	0.00152894	-2.668327419354839	403.36138709677414	405.13874193548384	2.2105351612903226	404.98038709677405	0.3912036451612903	0.26371364516129037	0.0396526129032258	-11.093587096774193	-32.61067741935484	999.9863870967741	0.9600028387096774	0.03999718387096775	0.0	1.2719354838709678	0.0	4640.445806451613	7946.816451612903	35.566064516129025	38.382999999999996	36.68699999999998	37.754	36.31199999999999	959.9903225806452	39.99612903225807	0.0	1751823918.9	0.0	1751823920.5	10:45:20	1751823920.5	1751823307.5	14	0.032	0.002	0.524	-0.185	405.0	0.0	0.33	0.09	-2.6737719999999996	0.11539699812383299	0.020918661907493034	0	2.2378460000000002	-0.5450485553470935	0.053569246111925053	0	0	2	0/2	3.44159	2.78093	0.0958424	0.0963365	0.0211449	0.00342253	27028.6	30738.7	29053.2	34622.1	32914.7	42698.9	35767.2	45667.5	2.40947	2.0966	0.0723228	0	29.4859	999.9	49	29.3	19.7816	62.1701	25.6571	2	0.107693	0	20.2915	5.21115	11.974	4.98995	3.272	3847.8	9999.0	9999.0	999.9	4.97262	1.86307	1.86493	1.8634	1.86329	1.86386	1.86035	1.8631	0.0	0.0	0.0	0.0	11111111	oooooooo	on	on	on	on	0.0	100.0	100.0	0.524	-0.2103	0.7751715570573727	-0.0010337305037507979	9.120241388950126e-07	-2.246115299815222e-10	-0.17572492855188274	-0.01814858093373864	0.0020919599883593687	-1.9087170078860404e-05	2.0	2210.0	1.0	26.0	1.2	9.9	1.25977	2.40601	2.34741	2.67456	2.39868	2.28882	34.9444	16.0496	18	791.543	594.528	30.0923	29.124	30.0006	28.8986	28.857	25.2522	100	0	-999.9	405	0	99.7565	99.8675	
16	1751823997.5	1610.9000000953674	20250706 10:46:37	10:46:37	15	1751823989.5	0.0020814721438148255	2.0814721438148256	1.8816794931213479	402.9324516129032	314.5749165895296	31.916708169883975	40.8814460152446	0.047957711678358245	3.0	0.047535840959349394	0.029747494567086672	161.9186995376652	31.14520685772531	31.10204193548387	4.537692936621865	4.470428080118183	0.19872721590302558	4.445373291807256	4.338965720718839	-91.7929215422338	-58.2724373419351	-4.358522128553033	7.4948185249432555	1.8816794931213479	2.0814721438148256	1.9358716542061865	405.14305922221206	403.6695393939394	0.006270500469387472	66.94063957662426	1.898484842928833	0.4009577868993648	1.8549449696969689	-0.008180355067387084	79.90732654405734	128.0	16.0	1	0	52886.0	1000.0132903225808	841.2114635612172	0.8412002837380913	0.1619165476145162	6.0	0.5	1: Needles	2.0	False	1751823989.5	402.9324516129032	404.9727096774193	1.9586793548387096	0.40064903225806453	402.3654516129032	2.1436793548387096	800.0082580645161	101.35980645161291	0.09999370000000002	30.741748387096777	31.10204193548387	999.9000000000003	0.0	0.0	10003.062903225808	0.0	0.001554524516129032	-2.0828909677419354	403.6724193548388	405.13503225806454	1.5378335483870966	404.9727096774193	0.40064903225806453	0.1964842903225807	0.04060972903225807	-14.72753548387097	-32.36487419354838	1000.0132903225808	0.9599913225806452	0.04000837419354839	0.0	1.1408064516129033	0.0	6442.173225806452	7946.996451612905	35.75399999999999	38.625	36.875	38.00399999999999	36.50399999999999	960.0035483870965	40.01	0.0	1751824016.1	0.0	1751824024.5	10:47:04	1751824018	1751824024.5	15	0.043	0.0	0.567	-0.185	405.0	0.0	0.3	0.07	-2.07118825	-0.12168326454033515	0.03315941675357848	0	1.59928625	-1.1925828517823671	0.11928882853577488	0	0	2	0/2	3.44161	2.78079	0.0959045	0.0963221	0.0161724	0.0035014	27020.6	30732.8	29047.1	34615.5	33075.8	42687.1	35760.3	45658.7	2.26605	2.09223	0.0882968	0	29.707	999.9	48.4	29.6	19.8823	62.0701	25.6691	2	0.117627	0	20.2911	5.21055	11.974	4.9896	3.272	3850.5	9999.0	9999.0	999.9	4.97262	1.8631	1.86493	1.86339	1.86333	1.86386	1.86035	1.8631	0.0	0.0	0.0	0.0	11111111	oooooooo	on	on	on	on	0.0	100.0	100.0	0.567	-0.185	0.8073493581505514	-0.0010337305037507979	9.120241388950126e-07	-2.246115299815222e-10	-0.17572492855188274	-0.01814858093373864	0.0020919599883593687	-1.9087170078860404e-05	2.0	2210.0	1.0	26.0	1.3	11.5	1.25977	2.40845	2.34741	2.67334	2.39868	2.26318	35.1516	16.0408	18	676.372	592.432	30.2462	29.2606	30.0006	29.0243	28.9801	25.2596	100	0	-999.9	405	0	99.7365	99.8481	
17	1751824096	1709.4000000953674	20250706 10:48:16	10:48:16	15	1751824088.25	0.0016875562631643445	1.6875562631643444	1.9524396029549413	403.0169	295.92218416695664	30.023432245283185	40.88896080878947	0.03821042871629285	3.0	0.03794210133044976	0.023737764255766524	161.91351502494769	31.390953729003346	31.251723333333334	4.5765347090360216	3.7825573733742313	0.16955518253537694	4.482554150503875	4.406979526500645	-74.42123120554758	-58.886999359999365	-4.410916847076733	24.194367612324015	1.9524396029549413	1.6875562631643444	1.73579062045781	405.1769842984288	403.8482363636361	0.007863610230437459	66.94139035478064	1.6806184587362696	0.4081150275623361	1.6665678181818186	-2.4743315799490508e-05	79.93880500101443	121.0	15.0	1	0	53121.0	999.9806333333335	841.1840459611128	0.8412003372076433	0.1619166508107517	6.0	0.5	1: Needles	2.0	False	1751824088.25	403.0169	404.99129999999997	1.6711993333333335	0.4076569	402.54490000000004	1.8732426666666668	800.0060666666667	101.35689999999998	0.10028655666666665	30.887630000000005	31.251723333333334	999.9000000000002	0.0	0.0	9996.374666666667	0.0	0.00152894	-1.8792223333333333	403.7868666666667	405.15653333333336	1.2635420000000002	404.99129999999997	0.4076569	0.1693876	0.04131885666666667	-16.508673333333334	-32.186096666666664	999.9806333333335	0.9599856666666664	0.04001405000000001	0.0	1.5645	0.0	6378.542333333334	7946.712666666667	35.812	38.68699999999999	36.93699999999999	38.06199999999999	36.625	959.967	40.01033333333333	0.0	1751824114.5	0.0	1751824114	10:48:34	1751824114	1751824024.5	16	-0.094	0.0	0.472	-0.185	405.0	0.0	0.26	0.07	-1.8832702500000003	0.1542106941838658	0.026434211212697466	0	1.2660095	-0.04170033771106799	0.004054249591478054	1	1	2	1/2	3.44153	2.78074	0.0959162	0.0962902	0.0148145	0.00355708	27017.7	30730.1	29044.7	34611.8	33118.8	42680	35757.4	45653.7	2.2758	2.08995	0.0954829	0	29.7172	999.9	47.8	29.8	19.863	61.3201	25.7252	2	0.123773	0	20.2917	5.21115	11.974	4.9899	3.272	3853.2	9999.0	9999.0	999.9	4.97261	1.8631	1.86493	1.8634	1.8634	1.86387	1.86035	1.86312	0.0	0.0	0.0	0.0	11111111	oooooooo	on	on	on	on	0.0	100.0	100.0	0.472	-0.202	0.8502873197887493	-0.0010337305037507979	9.120241388950126e-07	-2.246115299815222e-10	-0.1752634552835202	-0.01814858093373864	0.0020919599883593687	-1.9087170078860404e-05	2.0	2210.0	1.0	26.0	1.3	1.2	1.25977	2.40723	2.34863	2.67212	2.39868	2.27905	35.3596	16.0408	18	684.971	591.596	30.3915	29.3677	30	29.124	29.0691	25.2713	100	0	-999.9	405	0	99.7285	99.8373	
18	1751824273.5	1886.9000000953674	20250706 10:51:13	10:51:13	15	1751824265.75	0.0038169077194478316	3.8169077194478316	6.023022841562712	399.33906666666667	271.2303196225856	27.517751846146428	40.51506245428617	0.09254402313769831	3.0	0.0909868197879223	0.05700448832370762	161.91595444233306	30.843836378579255	30.905306666666668	4.487077751876332	7.411622527362385	0.3320988222159605	4.480784349039782	4.154978929660372	-168.32563042764937	-3.9781664800001333	-0.29746442401100115	-10.685306889327443	6.023022841562712	3.8169077194478316	5.979613707660562	405.1633255892849	400.6765696969696	5.916953288146749e-05	66.94111591990928	3.7930830570439342	0.42083051284332545	3.2571492727272733	-0.0001987324235088662	79.93288497473355	194.0	24.0	1	0	53027.0	1000.0038333333331	841.2028794001724	0.8411996548014958	0.161915333766887	6.0	0.5	1: Needles	2.0	False	1751824265.75	399.33906666666667	404.99946666666654	3.2733513333333333	0.4200650000000001	398.89706666666666	3.4872723333333338	800.0067	101.355	0.1002941	30.88071	30.905306666666668	999.9000000000002	0.0	0.0	9999.445333333333	0.0	0.00152894	-5.627861333333333	400.68323333333336	405.16970000000003	2.8532870000000004	404.99946666666654	0.4200650000000001	0.33177059999999997	0.04257567666666666	-8.179807666666665	-31.875943333333336	1000.0038333333331	0.9600132666666668	0.03998698333333332	0.0	0.7838333333333336	0.0	7010.705999999999	7946.984666666665	35.828799999999994	38.74159999999999	37.0	38.041333333333334	36.625	960.0156666666666	39.98866666666667	0.0	1751824292.1	0.0	1751824296	10:51:36	1751824296	1751824024.5	17	-0.031	0.0	0.442	-0.185	405.0	0.0	0.32	0.07	-5.627897073170732	0.03970160278746404	0.01637375059376565	1	2.8667526829268293	-0.21424662020904867	0.021355515655199366	0	1	2	1/2	3.44167	2.78087	0.0952228	0.0962632	0.0258307	0.00366418	27036.4	30728.9	29042.7	34609.7	32745.6	42673.6	35755	45651.8	2.15185	2.08563	0.0739917	0	29.7168	999.9	46.8	30.3	20.0138	61.5301	25.8053	2	0.129042	0	20.2914	5.21025	11.974	4.99	3.272	3858.5	9999.0	9999.0	999.9	4.97264	1.8631	1.86495	1.8634	1.8634	1.86387	1.86042	1.86318	0.0	0.0	0.0	0.0	11111111	oooooooo	on	on	on	on	0.0	100.0	100.0	0.442	-0.2139	0.7561690934921698	-0.0010337305037507979	9.120241388950126e-07	-2.246115299815222e-10	-0.1752634552835202	-0.01814858093373864	0.0020919599883593687	-1.9087170078860404e-05	2.0	2210.0	1.0	26.0	2.7	4.2	1.26099	2.40601	2.34741	2.66968	2.39868	2.26562	35.7078	16.0321	18	595.554	589.362	30.5405	29.4635	30.0002	29.2345	29.1748	25.2806	100	0	-999.9	405	0	99.7216	99.8324	
19	1751824470	2083.4000000953674	20250706 10:54:30	10:54:30	15	1751824462.0	0.004227655884772444	4.227655884772444	3.846764271772112	400.84196774193555	317.3789941631823	32.19895358884371	40.66649700561882	0.1045499953502731	3.0	0.1025672091975045	0.06427951916657319	161.92331968524707	30.78870914371664	30.75041935483871	4.447575727986762	8.12408660226686	0.3650426283238982	4.493337481435027	4.0825330996628635	-186.43962451846477	29.002916903226094	2.167538684638811	6.6541507546471905	3.846764271772112	4.227655884772444	3.87344572082197	405.1693858392012	402.27021818181805	-0.002142407451944671	66.94121094857898	4.229278130930584	0.439705692112766	3.6001706666666657	1.7082012290477813e-05	79.93277380707846	270.0	34.0	1	0	52874.0	1000.0420967741936	841.2356727100562	0.8412002608926218	0.16191650352276005	6.0	0.5	1: Needles	2.0	False	1751824462.0	400.84196774193555	404.998	3.5981561290322586	0.4388286451612902	400.4199677419355	3.813264516129033	800.0014193548387	101.35203225806453	0.1006605193548387	30.92974193548387	30.75041935483871	999.9000000000003	0.0	0.0	9996.488064516128	0.0	0.00152894	-4.134730322580646	402.31093548387094	405.1758064516129	3.159328064516129	404.998	0.4388286451612902	0.36468058064516123	0.0444761935483871	-6.95808935483871	-31.422241935483864	1000.0420967741936	0.9599889354838709	0.04001104838709677	0.0	1.400967741935484	0.0	5781.270967741934	7947.209677419355	35.81199999999999	38.693096774193535	36.99187096774194	37.995935483870966	36.620935483870966	960.0303225806451	40.01032258064516	0.0	1751824488.3	0.0	1751824487	10:54:47	1751824487	1751824024.5	18	-0.02	0.0	0.422	-0.185	405.0	0.0	0.29	0.07	-4.1430685	0.15767234521577345	0.027437172462737493	0	3.16152025	-0.04259268292683012	0.004628448167312656	1	1	2	1/2	3.44152	2.78018	0.0954841	0.0962419	0.0280507	0.00382084	27028.2	30729	29042.4	34609.3	32671.4	42666.7	35755.6	45651.7	2.02082	2.08183	0.0631586	0	29.6625	999.9	45.9	30.7	20.0836	61.9601	25.9054	2	0.132002	0	20.2914	5.2107	11.974	4.98965	3.272	3864.5	9999.0	9999.0	999.9	4.97263	1.8631	1.86505	1.86346	1.8634	1.86388	1.86046	1.86323	0.0	0.0	0.0	0.0	11111111	oooooooo	on	on	on	on	0.0	100.0	100.0	0.422	-0.2151	0.7254814086266848	-0.0010337305037507979	9.120241388950126e-07	-2.246115299815222e-10	-0.1752634552835202	-0.01814858093373864	0.0020919599883593687	-1.9087170078860404e-05	2.0	2210.0	1.0	26.0	2.9	7.4	1.26099	2.41821	2.34863	2.66724	2.39868	2.25342	35.9879	15.997	18	510.856	587.193	30.6069	29.5165	30.0003	29.3044	29.2469	25.2889	100	0	-999.9	405	0	99.722	99.8318	
20	1751824616	2229.4000000953674	20250706 10:56:56	10:56:56	15	1751824608.0	0.0018601775374906238	1.8601775374906238	1.4078205557189438	403.37225806451613	325.6876076797509	33.04131258597884	40.922493066813864	0.04325611675019655	3.0	0.04291258897217113	0.026851005163302126	161.91651810773118	31.452510924027663	30.891945161290323	4.483658068364459	4.1510066357160476	0.18719284876115336	4.509577198709118	4.296465219603306	-82.03382940333651	16.343683664515723	1.2226835872015596	97.44905595611196	1.4078205557189438	1.8601775374906238	1.3646288952415804	405.2023471481728	404.17742424242425	0.00029042925354627553	66.94153685131195	1.8433313753806542	0.4531870081337242	1.8334895757575753	-7.99703545698707e-05	79.94223074803205	39.0	5.0	1	0	52794.0	999.9981935483871	841.1989004134992	0.8412004200013548	0.16191681060261484	6.0	0.5	1: Needles	2.0	False	1751824608.0	403.37225806451613	404.99090322580656	1.845156451612903	0.4525788387096774	402.9952580645161	2.048986451612903	799.9892580645161	101.35096774193548	0.09996808387096774	30.992996774193546	30.891945161290323	999.9000000000003	0.0	0.0	10004.514516129033	0.0	0.00152894	-1.5731858064516127	404.16351612903225	405.17422580645155	1.3925783870967745	404.99090322580656	0.4525788387096774	0.18700829032258065	0.045869280645161284	-15.320238709677419	-31.100654838709676	999.9981935483871	0.95998435483871	0.04001550967741934	0.0	0.026451612903225903	0.0	5760.214516129034	7946.846774193548	35.81199999999999	38.745935483870966	36.995935483870966	37.93903225806451	36.566064516129025	959.9829032258064	40.01387096774193	0.0	1751824634.7	0.0	1751824632	10:57:12	1751824632	1751824024.5	19	-0.044	0.0	0.377	-0.185	405.0	0.0	0.27	0.07	-1.567807804878049	-0.04181038327526257	0.019596519540680393	1	1.3982878048780487	-0.11119777003483898	0.010988141171324285	0	1	2	1/2	3.44157	2.78098	0.0959386	0.0962311	0.0160195	0.00394247	27013.6	30729	29041.6	34609	33076.4	42661.6	35755.5	45651.8	2.39535	2.07868	0.0823736	0	29.5872	999.9	45.3	31	20.1644	62.0001	25.9335	2	0.13436	0	20.2915	5.2104	11.974	4.98925	3.272	3868.8	9999.0	9999.0	999.9	4.97263	1.86311	1.86506	1.86348	1.8634	1.86398	1.86041	1.86324	0.0	0.0	0.0	0.0	11111111	oooooooo	on	on	on	on	0.0	100.0	100.0	0.377	-0.2037	0.7055953619862869	-0.0010337305037507979	9.120241388950126e-07	-2.246115299815222e-10	-0.1752634552835202	-0.01814858093373864	0.0020919599883593687	-1.9087170078860404e-05	2.0	2210.0	1.0	26.0	2.1	9.9	1.26099	2.40601	2.34741	2.66602	2.39868	2.28271	36.152	15.997	18	785.067	585.252	30.6169	29.5596	30.0002	29.3364	29.2921	25.2956	100	0	-999.9	405	0	99.7206	99.8316	
21	1751824706	2319.4000000953674	20250706 10:58:26	10:58:26	15	1751824698.0	0.0035601229863208485	3.5601229863208483	4.527423037485084	400.5252580645161	292.76534374238275	29.70217926362082	40.63484038981227	0.08672112268266459	3.0	0.08535215130337562	0.05346629103757716	161.91117203493795	31.055093605959097	30.756532258064517	4.449128983955729	7.011114240484148	0.3167824664826976	4.518289898251927	4.132346517473032	-157.0014236967494	43.72037117419277	3.269116221896078	51.899235734277376	4.527423037485084	3.5601229863208483	4.5559231814475	405.16519425206224	401.7429272727272	0.0011196556540219265	66.94167872924254	3.3819544505930206	0.46141715134917566	3.0208065454545454	-0.007637698253709646	79.94608643853269	209.0	26.0	1	0	52834.0	999.9644838709677	841.1706018967586	0.8412004780814802	0.161916922697257	6.0	0.5	1: Needles	2.0	False	1751824698.0	400.5252580645161	404.9902580645161	3.122428387096774	0.4606772903225806	400.1212580645161	3.310428387096774	800.001193548387	101.3536774193548	0.1001998870967742	31.026851612903222	30.756532258064517	999.9000000000003	0.0	0.0	9986.369354838711	0.0	0.00152894	-4.489689354838709	401.74490322580647	405.17690322580654	2.636649032258065	404.9902580645161	0.4606772903225806	0.3139251290322581	0.04669132258064516	-8.889957741935486	-30.914964516129036	999.9644838709677	0.9599836451612904	0.04001628709677419	0.0	1.3380645161290323	0.0	7289.750645161291	7946.575806451613	35.82825806451612	38.80399999999999	37.0	38.05399999999999	36.63099999999999	959.95	40.01451612903226	0.0	1751824724.7	0.0	1751824733	10:58:53	1751824723	1751824733	20	0.027	-0.001	0.404	-0.188	405.0	0.0	0.15	0.04	-4.474599024390243	-0.19841937282230998	0.03849200923124093	0	2.7009436585365854	-1.1474744947735116	0.11830686104170768	0	0	2	0/2	3.44154	2.78094	0.0954167	0.0962252	0.02424	0.00400879	27029.3	30728	29041.7	34607.8	32799.3	42657.6	35755.2	45650.6	2.12252	2.07705	0.0619441	0	29.7722	999.9	45	31.1	20.1447	61.8501	25.9335	2	0.135785	0	20.2912	5.2092	11.974	4.98955	3.272	3871.2	9999.0	9999.0	999.9	4.97263	1.86312	1.86508	1.86352	1.86342	1.86397	1.86047	1.86325	0.0	0.0	0.0	0.0	11111111	oooooooo	on	on	on	on	0.0	100.0	100.0	0.404	-0.188	0.6611888258133372	-0.0010337305037507979	9.120241388950126e-07	-2.246115299815222e-10	-0.1752634552835202	-0.01814858093373864	0.0020919599883593687	-1.9087170078860404e-05	2.0	2210.0	1.0	26.0	1.2	11.4	1.26099	2.41821	2.34741	2.66724	2.39868	2.2583	36.2694	15.9883	18	576.842	584.325	30.6812	29.5877	30.0002	29.3728	29.3228	25.3007	100	0	-999.9	405	0	99.7204	99.8287	
22	1751824849	2462.4000000953674	20250706 11:00:49	11:00:49	15	1751824841.0	0.0007053865939141539	0.7053865939141539	0.2499053179135926	404.60277419354844	351.03497091493676	35.614916736010066	41.04973950744564	0.015462409762458603	3.0	0.015418271033275442	0.009640374514803122	161.91362767741933	32.01896683354098	31.47477096774194	4.634951935225157	2.21910185758227	0.10164435702287382	4.580427738166836	4.533307578202283	-31.107548791614185	-33.65830505806556	-2.528662403100689	94.61911142463887	0.2499053179135926	0.7053865939141539	0.23842050676644533	405.2063713299772	405.0315151515151	-0.0012072317761199435	66.94274596950784	0.639726520774333	0.4739496641496021	0.9567612727272722	-0.0008668820038183991	79.98839987387655	32.0	4.0	1	0	52898.0	999.9867741935483	841.1887548387095	0.8411998803855147	0.16191576914404351	6.0	0.5	1: Needles	2.0	False	1751824841.0	404.60277419354844	405.00425806451614	1.0018477419354839	0.47333274193548375	404.22577419354843	1.184847741935484	799.9923225806451	101.35677419354838	0.10011667741935484	31.26666451612903	31.47477096774194	999.9000000000003	0.0	0.0	9992.624193548387	0.0	0.00152894	-0.37406283870967744	405.03106451612905	405.19612903225794	0.5161961612903226	405.00425806451614	0.47333274193548375	0.10029546129032257	0.047975490322580645	-22.60191935483871	-30.630729032258063	999.9867741935483	0.9600039032258063	0.039996096774193544	0.0	0.5066129032258065	0.0	5548.80870967742	7946.820967741937	36.006	39.0	37.18699999999998	38.25	36.81199999999998	959.9912903225805	39.995483870967746	0.0	1751824867.5	0.0	1751824868	11:01:08	1751824865.5	1751824868	21	-0.027	0.005	0.377	-0.183	405.0	0.0	0.36	0.14	-0.3735701707317073	0.05374358885017361	0.027071674963184567	1	0.5349916829268293	-0.35631152613240374	0.03549763298906413	0	1	2	1/2	3.44145	2.78081	0.0961257	0.0962034	0.00940637	0.00411427	27003.3	30724	29037	34602.9	33294.5	42647	35750.8	45644.1	2.40258	2.07227	0.088051	0	30.0621	999.9	44.5	31.4	20.2613	61.8302	25.9335	2	0.143745	0	20.2907	5.20666	11.974	4.9895	3.272	3875.5	9999.0	9999.0	999.9	4.97266	1.86316	1.86508	1.86356	1.86352	1.86401	1.8605	1.86325	0.0	0.0	0.0	0.0	11111111	oooooooo	on	on	on	on	0.0	100.0	100.0	0.377	-0.183	0.6881263006057172	-0.0010337305037507979	9.120241388950126e-07	-2.246115299815222e-10	-0.176721693079401	-0.01814858093373864	0.0020919599883593687	-1.9087170078860404e-05	2.0	2210.0	1.0	26.0	2.1	1.9	1.26221	2.41943	2.34741	2.65869	2.39868	2.25708	36.4814	15.9708	18	792.893	581.691	30.813	29.6819	30.0006	29.4577	29.4215	25.3077	100	0	-999.9	405	0	99.7064	99.8144	
23	1751824967.6	2581.0	20250706 11:02:47	11:02:47	15	1751824959.8499994	0.0028978289597565974	2.8978289597565974	5.195701261752749	400.2184333333334	247.81991455222553	25.14284859755158	40.60461199589629	0.06507042991940117	3.0	0.06429639302285026	0.04025402252322305	161.91402226395908	31.65421644707339	31.828123333333334	4.728825943559604	5.805698997924593	0.2688351973771543	4.630539707161133	4.45999074618245	-127.79425712526594	-59.86065008000043	-4.509261669092249	-30.250146610399533	5.195701261752749	2.8978289597565974	5.111076332819693	405.16364914357285	401.32893939393915	-0.00014150757539581894	66.94237250868768	2.8832042783004677	0.48244725222640006	2.6394952121212114	-8.424874160657076e-05	79.96546276008257	150.0	19.0	1	0	52835.0	999.9842333333335	841.1870350797717	0.8412002980044702	0.16191657514862723	6.0	0.5	1: Needles	2.0	False	1751824959.8499994	400.2184333333334	404.98506666666674	2.649768	0.48213976666666664	399.8654333333334	2.857007666666666	799.9943000000001	101.35626666666664	0.09985982333333333	31.458009999999998	31.828123333333334	999.9000000000002	0.0	0.0	10015.42266666667	0.0	0.00152894	-4.740428333333333	401.30796666666663	405.18036666666666	2.167628333333333	404.98506666666674	0.48213976666666664	0.26857069999999994	0.04886791333333332	-10.863883333333332	-30.437210000000004	999.9842333333335	0.9599918666666666	0.04000813333333333	0.0	2.9040000000000004	0.0	7261.512	7946.759999999999	36.25	39.25	37.375	38.52479999999999	37.04546666666666	959.9756666666669	40.00933333333333	0.0	1751824986.3	0.0	1751824984.6	11:03:04	1751824984.6	1751824868	22	-0.024	0.005	0.353	-0.183	405.0	0.0	0.21	0.14	-4.746952	0.06314746716699572	0.02793275892209721	1	2.1739447499999995	-0.10558255159475102	0.010208683065777846	0	1	2	1/2	3.4417	2.78062	0.0953118	0.0961689	0.0216549	0.00418323	27020.3	30717	29029.5	34594.4	32872.7	42632.8	35740.4	45632.2	2.22113	2.06857	0.0967607	0	30.2945	999.9	44.1	31.6	20.3113	61.9156	25.9295	2	0.155625	0	20.2907	5.2095	11.974	4.98905	3.272	3878.9	9999.0	9999.0	999.9	4.97262	1.86318	1.86508	1.86356	1.86355	1.86401	1.8605	1.86325	0.0	0.0	0.0	0.0	11111111	oooooooo	on	on	on	on	0.0	100.0	100.0	0.353	-0.2072	0.6610042101864717	-0.0010337305037507979	9.120241388950126e-07	-2.246115299815222e-10	-0.17201915835299333	-0.01814858093373864	0.0020919599883593687	-1.9087170078860404e-05	2.0	2210.0	1.0	26.0	1.7	1.7	1.26221	2.41699	2.34741	2.66235	2.39868	2.30713	36.6706	15.962	18	648.859	580.215	30.9477	29.8405	30.0004	29.6056	29.5551	25.3158	100	0	-999.9	405	0	99.6788	99.789	
24	1751825073.6	2687.0	20250706 11:04:33	11:04:33	15	1751825065.5999994	0.0018985878410799043	1.8985878410799042	1.833977102026507	403.0461290322581	310.1654054019785	31.4664053926987	40.889192241315264	0.043554468591787715	3.0	0.04320620620535382	0.02703493661095134	161.91532443022405	32.088473090578006	31.14135806451613	4.547867419928698	4.1482837634444465	0.19407141390830332	4.678354350261707	4.353796006020395	-83.72772379162377	80.47200766451624	6.046816571465755	164.7064248745823	1.833977102026507	1.8985878410799042	1.8915926965292273	405.22346320428835	403.8026181818182	0.000436083796405084	66.94307170436294	1.7598840690785065	0.49284275240893416	1.8410517575757563	-0.00768448166562151	79.99428363666357	431.0	54.0	1	0	52783.0	999.9972903225803	841.197597909693	0.8411998772900059	0.1619157631697114	6.0	0.5	1: Needles	2.0	False	1751825065.5999994	403.0461290322581	404.9955161290323	1.9129683870967742	0.49175845161290316	402.68112903225807	2.114180967741935	800.003935483871	101.35032258064517	0.10008047741935483	31.638909677419356	31.14135806451613	999.9000000000003	0.0	0.0	9996.12258064516	0.0	0.00152894	-1.960379677419355	403.8076774193548	405.1948709677419	1.421209677419355	404.9955161290323	0.49175845161290316	0.19388000000000002	0.04983987096774194	-14.887474193548384	-30.23002903225806	999.9972903225803	0.960004741935484	0.03999512580645161	0.0	1.0817741935483876	0.0	5918.285161290321	7946.906451612902	36.379	39.436999999999976	37.56199999999998	38.68699999999998	37.18699999999998	960.0016129032258	39.99580645161291	0.0	1751825091.9	0.0	1751825091.6	11:04:51	1751825091.6	1751824868	23	0.011	0.005	0.365	-0.183	405.0	0.0	0.3	0.14	-1.96625625	0.10293624765478893	0.029532453986038817	0	1.4748160000000001	-0.9411993996247666	0.0928968044337371	0	0	2	0/2	3.44161	2.78056	0.0957808	0.0961407	0.0160123	0.00426672	27001.4	30713.5	29024.7	34589.9	33057.5	42623.8	35735	45626.5	1.68708	2.06512	0.040181	0	30.5557	999.9	43.7	31.8	20.3594	62.0556	26.0096	2	0.164756	0	20.2907	5.2095	11.974	4.9896	3.272	3882.0	9999.0	9999.0	999.9	4.97263	1.86323	1.86508	1.86356	1.86355	1.86401	1.8605	1.86325	0.0	0.0	0.0	0.0	11111111	oooooooo	on	on	on	on	0.0	100.0	100.0	0.365	-0.2005	0.6371174850803423	-0.0010337305037507979	9.120241388950126e-07	-2.246115299815222e-10	-0.17201915835299333	-0.01814858093373864	0.0020919599883593687	-1.9087170078860404e-05	2.0	2210.0	1.0	26.0	1.5	3.4	1.26221	2.41821	2.34863	2.65869	2.39868	2.26929	36.8604	15.9445	18	337.79	578.75	31.0843	29.958	30.0006	29.735	29.6708	25.322	100	0	-999.9	405	0	99.6631	99.7762	
25	1751825193.1	2806.5	20250706 11:06:33	11:06:33	15	1751825185.3499994	0.002009789921990262	2.009789921990262	2.5987011550196826	402.4331666666667	285.4471022651102	28.95939035774808	40.827947013386705	0.04531926814992038	3.0	0.04494234301205742	0.02812256816969583	161.91361984446894	32.18474030112842	31.466116666666665	4.6326732834707345	4.328181160973372	0.20392284601979124	4.7115136459290605	4.428750437450943	-88.63173555977056	48.08465191999978	3.6211740378709734	124.98771024256914	2.5987011550196826	2.009789921990262	2.6018967229813996	405.19017775134176	403.23905454545456	-0.0003852576843162745	66.94304993464637	1.990121122663857	0.5063699883374728	1.9964423030303038	-0.00011499965362870371	79.98121088580196	24.0	3.0	1	0	52735.0	999.9814666666666	841.1847313598283	0.8412003216057888	0.16191662069917256	6.0	0.5	1: Needles	2.0	False	1751825185.3499994	402.4331666666667	404.98879999999997	2.010028	0.5057136666666667	402.0551666666667	2.2121660000000003	799.9990999999999	101.35289999999995	0.09983897666666669	31.763419999999996	31.466116666666665	999.9000000000002	0.0	0.0	9999.227	0.0	0.00152894	-2.5680993333333335	403.23123333333325	405.1937666666666	1.5043156666666668	404.98879999999997	0.5057136666666667	0.20372210000000004	0.05125549333333333	-14.281986666666667	-29.934676666666665	999.9814666666666	0.9599898666666665	0.040010186666666656	0.0	1.4144999999999999	0.0	7116.872666666666	7946.7373333333335	36.53926666666666	39.625	37.70799999999999	38.875	37.3477	959.9720000000001	40.01	0.0	1751825211.3	0.0	1751825210.6	11:06:50	1751825210.6	1751824868	24	0.013	0.005	0.378	-0.183	405.0	0.0	0.43	0.14	-2.5854954999999995	0.3880417260787971	0.041891618072712335	0	1.5113405	-0.13548270168856028	0.013081714518747126	0	0	2	0/2	3.44161	2.78039	0.0956394	0.0961059	0.0171458	0.00438083	27000.2	30708.7	29019.2	34583.8	33013	42611	35728.2	45618.1	2.408	2.06105	0.0545233	0	30.6054	999.9	43.3	32.1	20.5159	61.8156	25.8974	2	0.175376	0	20.2907	5.20995	11.974	4.98915	3.272	3885.7	9999.0	9999.0	999.9	4.97265	1.86324	1.86508	1.86357	1.86356	1.86401	1.8605	1.86325	0.0	0.0	0.0	0.0	11111111	oooooooo	on	on	on	on	0.0	100.0	100.0	0.378	-0.202	0.6484104629316791	-0.0010337305037507979	9.120241388950126e-07	-2.246115299815222e-10	-0.17201915835299333	-0.01814858093373864	0.0020919599883593687	-1.9087170078860404e-05	2.0	2210.0	1.0	26.0	1.7	5.4	1.26343	2.42676	2.34741	2.65869	2.39868	2.33154	37.0509	15.9358	18	802.768	576.982	31.2405	30.1	30.0006	29.8495	29.8039	25.3309	100	0	-999.9	405	0	99.6442	99.7583	
26	1751825358.1	2971.5	20250706 11:09:18	11:09:18	15	1751825350.3499994	0.0009025235703554044	0.9025235703554044	5.08744622707895	400.9381333333334	188.84315559727042	19.158346625111104	40.67561627706692	0.040646535498974526	3.0	0.04034304963477947	0.025241483987651716	161.91693522257083	32.83141315378966	32.05373	4.789624203476941	54.10850719772298	2.6027263832089487	4.810198096388211	2.1868978202679923	-39.80128945267334	12.256354080000282	0.9273466249915143	135.2993464748893	5.08744622707895	0.9025235703554044	4.62982346263178	415.3585090172645	411.7852060606058	0.0035778123810017905	66.94146322329946	1.2614511989882322	25.028218911350898	25.946513333333332	0.0008138999687198881	79.66678457394939	153.0	19.0	1	0	52668.0	1000.0097333333332	841.2078556800884	0.8411996680033199	0.16191535924640751	6.0	0.5	1: Needles	2.0	False	1751825350.3499994	400.9381333333334	405.0250666666667	25.654983333333334	24.995463333333337	400.79713333333336	25.570983333333334	800.0085	101.35106666666664	0.10003737	32.12951	32.05373	999.9000000000002	0.0	0.0	10004.956666666665	0.0	0.0015808593333333332	-3.8486746666666662	411.8784	415.4082333333333	0.9881827333333334	405.0250666666667	24.995463333333337	2.633469	2.533317	21.875723333333326	21.24213	1000.0097333333332	0.9600124666666668	0.03998781333333333	0.0	2.3721666666666663	0.0	7471.523333333333	7947.039	36.81199999999999	39.875	37.943299999999994	39.13533333333333	37.6166	960.0206666666666	39.989333333333335	0.0	1751825376.3	0.0	1751825375.1	11:09:35	1751825375.1	1751825375.1	25	-0.236	-0.301	0.141	0.084	405.0	25.0	0.19	0.14	-3.8587912195121947	0.02357790940765406	0.029556660690878412	1	1.087434926829268	-1.8076321045296144	0.18841459036434885	0	1	2	1/2	3.45404	2.781	0.0955519	0.0962803	0.123593	0.120227	26997.4	30685.5	29012.9	34563.6	29411.7	37622.3	35714.6	45588.5	2.21073	2.1119	0.0721551	0	30.904	999.9	54.4	32.4	26.2175	61.6056	24.4631	2	0.19076	0	20.2906	5.211	11.974	4.98945	3.272	3890.8	9999.0	9999.0	999.9	4.97265	1.86325	1.86516	1.86358	1.86356	1.86408	1.8605	1.86325	0.0	0.0	0.0	0.0	11111111	oooooooo	on	on	on	on	0.0	100.0	100.0	0.141	0.084	0.6615146432226169	-0.0010337305037507979	9.120241388950126e-07	-2.246115299815222e-10	-0.17201915835299333	-0.01814858093373864	0.0020919599883593687	-1.9087170078860404e-05	2.0	2210.0	1.0	26.0	2.5	8.2	1.28662	2.42798	2.34741	2.65625	2.39868	2.30591	37.3138	15.9007	18	646.128	618.493	31.4926	30.3132	30.0004	30.0821	30.0198	25.814	15.5816	64.2096	-999.9	405	24.9994	99.6135	99.6964	
27	1751825464.6	3078.0	20250706 11:11:04	11:11:04	15	1751825456.8499994	0.00034321736720346825	0.34321736720346824	2.1287527907340147	403.2880666666666	177.42314144037394	17.99892977169559	40.91210160505273	0.015825377793304177	3.0	0.01577914584211842	0.009866108580061329	161.91649122619438	33.077676083203784	32.00136	4.775450810824401	54.75861352145335	2.6496105501980765	4.838710076470456	2.1258402606263243	-15.13588589367295	37.636506319999995	2.848403917451353	187.26551556997276	2.1287527907340147	0.34321736720346824	2.088576753625284	415.73417960096043	414.12262424242414	0.0010491825196385558	66.94058958355288	0.44220910611625847	25.898641562127448	26.19367757575758	0.007019526145341381	79.76630144025674	153.0	19.0	1	0	52599.0	1000.0101999999999	841.2079790394789	0.8411993988056111	0.1619148396948295	6.0	0.5	1: Needles	2.0	False	1751825456.8499994	403.2880666666666	404.98846666666657	26.118343333333335	25.867650000000005	403.1110666666666	26.028343333333336	799.9887999999997	101.34650000000002	0.09984812333333333	32.23406333333333	32.00136	999.9000000000002	0.0	0.0	10002.375	0.0	0.0015770373333333333	-1.7352563333333333	414.0873666666667	415.7427666666667	0.2963238333333333	404.98846666666657	25.867650000000005	2.651626666666666	2.6215946666666667	21.988373333333325	21.801753333333338	1000.0101999999999	0.9600167000000004	0.03998291333333333	0.0	1.5639999999999998	0.0	6600.517666666667	7947.058333333333	36.93699999999999	40.0	38.125	39.25	37.729	960.0290000000001	39.980333333333334	0.0	1751825483.1	0.0	1751825481.6	11:11:21	1751825480.6	1751825481.6	26	0.035	-0.034	0.177	0.09	405.0	26.0	0.35	0.14	-1.738088780487805	0.04333024390243461	0.022588949726189182	1	0.28766336585365854	0.06295105923344911	0.0253126995609175	1	2	2	2/2	3.45442	2.78106	0.0959708	0.0962544	0.125322	0.123049	26982.7	30683.1	29010.9	34560.2	29351.7	37498.1	35712.2	45584.1	2.20863	2.1109	0.0572056	0	31.1084	999.9	57.1	32.5	27.6743	61.7756	24.4671	2	0.196789	0	20.2907	5.2104	11.974	4.9893	3.272	3893.9	9999.0	9999.0	999.9	4.97265	1.86325	1.86522	1.86368	1.86356	1.86404	1.8605	1.86329	0.0	0.0	0.0	0.0	11111111	oooooooo	on	on	on	on	0.0	100.0	100.0	0.177	0.09	0.4253236687800204	-0.0010337305037507979	9.120241388950126e-07	-2.246115299815222e-10	-0.4726678227709159	-0.01814858093373864	0.0020919599883593687	-1.9087170078860404e-05	2.0	2210.0	1.0	26.0	1.5	1.5	1.28784	2.43042	2.34741	2.65503	2.39868	2.28394	37.5059	15.892	18	645.505	618.653	31.6553	30.4013	30.0005	30.1721	30.1113	25.8465	17.8965	76.253	-999.9	405	25.7688	99.6068	99.6867	
28	1751825594.1	3207.5	20250706 11:13:14	11:13:14	15	1751825586.3499994	0.0003727158581201262	0.3727158581201262	2.182036067388553	403.26186666666666	190.89764057774954	19.365275472089635	40.908190964301035	0.017321624199275146	3.0	0.01726625327368467	0.010796368319257258	161.91758292667274	32.993579976698435	31.903759999999995	4.749133799979657	54.777926060406024	2.6390841402515166	4.817787620037463	2.1100496597281406	-16.436769343097566	41.02164080000055	3.1019384989691665	189.6043928825449	2.182036067388553	0.3727158581201262	2.1779403705645537	415.6869729732003	414.01347878787857	-0.0009383660350452637	66.94107181890466	0.3923912540529476	25.737291884497	26.02454545454545	-0.00015508761267983822	79.69604544601917	73.0	9.0	1	0	52574.0	1000.0135333333332	841.2110690397267	0.8411996848039924	0.16191539167170546	6.0	0.5	1: Needles	2.0	False	1751825586.3499994	403.26186666666666	405.01113333333336	26.015376666666675	25.74311	403.11486666666667	25.944376666666674	799.9940333333333	101.34353333333333	0.09970825666666669	32.15739333333333	31.903759999999995	999.9000000000002	0.0	0.0	10000.71	0.0	0.0015604739999999998	-1.7189633333333332	414.0752	415.71283333333326	0.2982876666666667	405.01113333333336	25.74311	2.6391270000000002	2.6088969999999994	21.910926666666672	21.722273333333327	1000.0135333333332	0.9600088666666662	0.039991126666666675	0.0	1.5295	0.0	4691.963999999999	7947.0560000000005	36.90599999999999	40.0	38.10609999999999	39.25	37.75	960.0226666666666	39.99	0.0	1751825612.7	0.0	1751825617.6	11:13:37	1751825617.6	1751825610.1	27	-0.029	-0.014	0.147	0.071	405.0	26.0	0.29	0.19	-1.7162365853658537	-0.026524599303137178	0.014835335308179839	1	0.2921700487804878	0.07408256445993075	0.01998741591046997	1	2	2	2/2	3.45431	2.7803	0.0959388	0.0962416	0.124868	0.122514	26982.8	30683.1	29010.1	34560	29367	37520.6	35711.9	45583.4	2.33262	2.10943	0.0592731	0	30.9607	999.9	58.7	32.7	28.7733	61.6156	24.5232	2	0.198925	0	20.29	5.20711	11.974	4.9886	3.27125	3897.7	9999.0	9999.0	999.9	4.97265	1.86325	1.86522	1.86371	1.86358	1.86406	1.8605	1.86336	0.0	0.0	0.0	0.0	11111111	oooooooo	on	on	on	on	0.0	100.0	100.0	0.147	0.071	0.4604880709093729	-0.0010337305037507979	9.120241388950126e-07	-2.246115299815222e-10	-0.5069136078427132	-0.01814858093373864	0.0020919599883593687	-1.9087170078860404e-05	2.0	2210.0	1.0	26.0	1.9	1.9	1.28906	2.42188	2.34741	2.65625	2.39868	2.32788	37.6745	15.8745	18	743.134	617.978	31.7551	30.4582	30	30.2193	30.1591	25.8582	20.4644	86.2339	-999.9	405	25.7734	99.6051	99.6856	
29	1751825716.6	3330.0	20250706 11:15:16	11:15:16	15	1751825708.5999994	0.0012011779402532022	1.2011779402532021	2.150576872884249	403.05790322580646	331.9481130253632	33.672765679443515	40.88613189234608	0.05886535114831511	3.0	0.05823112299329482	0.036450865231286274	161.91035664023664	32.69588175269174	31.556370967741934	4.6564850034504826	55.05384998725198	2.6392550582822607	4.793951846952384	2.017229945168222	-52.97194716516622	83.02274090322547	6.2645217571647525	198.22567213546063	2.150576872884249	1.2011779402532021	2.158797474451162	415.4169984365498	413.7664909090907	-0.0031017691357569975	66.94094533634251	1.2660217915204992	25.094656860925905	26.022177575757564	-0.0006790412117193989	79.70424865544133	51.0	6.0	1	0	53001.0	999.9696774193549	841.1741125162516	0.8411996198595635	0.16191526632895759	6.0	0.5	1: Needles	2.0	False	1751825708.5999994	403.05790322580646	405.0339677419355	26.01793225806452	25.14047741935484	402.9149032258065	25.975932258064518	799.9904193548388	101.33967741935486	0.1001692258064516	32.06969354838709	31.556370967741934	999.9000000000003	0.0	0.0	9984.675806451613	0.0	0.0015298645161290322	-1.970975806451613	413.8480967741935	415.47938709677425	0.9199784516129033	405.0339677419355	25.14047741935484	2.640961935483871	2.5477319354838714	21.9223	21.33465161290323	999.9696774193549	0.9600131935483869	0.039986909677419365	0.0	0.7493548387096772	0.0	4948.464193548389	7946.715806451613	36.870935483870966	39.879	38.0	39.18699999999998	37.68699999999998	959.9838709677418	39.98612903225806	0.0	1751825735.1	0.0	1751825735.6	11:15:35	1751825732.6	1751825735.6	28	-0.004	0.01	0.143	0.042	405.0	25.0	0.17	0.11	-1.9582819999999999	-0.29095249530956485	0.03451554412145346	0	0.906462375	0.2641913583489661	0.030504354999481235	0	0	2	0/2	3.45396	2.78066	0.0959021	0.0962401	0.124892	0.120222	26986.4	30686.1	29012.7	34563.3	29369.1	37622.7	35715.5	45588.5	2.36457	2.1068	0.0591725	0	30.6265	999.9	59.2	32.9	29.3479	60.8756	24.5833	2	0.196471	0	20.2906	5.2092	11.974	4.9896	3.272	3901.4	9999.0	9999.0	999.9	4.97267	1.86325	1.86522	1.86368	1.86364	1.86408	1.86053	1.86338	0.0	0.0	0.0	0.0	11111111	oooooooo	on	on	on	on	0.0	100.0	100.0	0.143	0.042	0.4312112049129868	-0.0010337305037507979	9.120241388950126e-07	-2.246115299815222e-10	-0.5210478045343819	-0.01814858093373864	0.0020919599883593687	-1.9087170078860404e-05	2.0	2210.0	1.0	26.0	1.6	1.8	1.28906	2.43286	2.34741	2.65381	2.39868	2.29492	37.7711	15.8569	18	769.853	615.839	31.7456	30.4384	30	30.2115	30.1539	25.8598	23.8437	90.0648	-999.9	405	24.939	99.6147	99.696	
