[Header]
File opened	2025-06-24 09:58:36
Console s/n	68C-373361
Console ver	Bluestem v.2.1.11
Scripts ver	2023.02  2.1.11, Jun 2023
Head s/n	68H-413349
Head ver	1.4.23
Head cal	{"oxygen": "21", "co2azero": "0.969074", "co2aspan1": "1.00145", "co2aspan2": "-0.0293323", "co2aspan2a": "0.301932", "co2aspan2b": "0.299696", "co2aspanconc1": "2514", "co2aspanconc2": "296", "co2bzero": "1.01429", "co2bspan1": "1.00098", "co2bspan2": "-0.0286123", "co2bspan2a": "0.301091", "co2bspan2b": "0.298791", "co2bspanconc1": "2514", "co2bspanconc2": "296", "h2oazero": "1.06321", "h2oaspan1": "1.00793", "h2oaspan2": "0", "h2oaspan2a": "0.0675942", "h2oaspan2b": "0.0681305", "h2oaspanconc1": "11.66", "h2oaspanconc2": "0", "h2obzero": "1.06542", "h2obspan1": "1.00196", "h2obspan2": "0", "h2obspan2a": "0.0672478", "h2obspan2b": "0.0673797", "h2obspanconc1": "11.66", "h2obspanconc2": "0", "tazero": "0.100885", "tbzero": "0.175728", "flowmeterzero": "2.47802", "flowazero": "0.30464", "flowbzero": "0.31984", "chamberpressurezero": "2.62921", "ssa_ref": "32489.3", "ssb_ref": "40198.1"}
Factory cal date	02 May 2024
CO2 rangematch	Tue May  7 10:16
H2O rangematch	Tue May  7 10:10
Chamber type	6800-01A
Chamber s/n	MPF-742800
Chamber rev	0
Chamber cal	0
Fluorometer	MPF-742800
Flr. Version	1.4.23
09:58:36	Stability Definition:	ΔCO2 (Meas2): Slp<0.1 Per=20	ΔH2O (Meas2): Slp<0.1 Per=20
SysConst:AvgTime	4
SysConst:Oxygen	21.0
ChambConst:Chamber	6800-01A
ChambConst:Aperture	6 cm²
ChambConst:blc_a	0.578
ChambConst:blc_b	0.5229739
ChambConst:blc_c	0.003740252
ChambConst:blc_d	-0.06197961
ChambConst:blc_e	-0.005608586
ChambConst:blc_minS	1
ChambConst:blc_maxS	6
ChambConst:blc_Po	96.9
LTConst:deltaTw	0
LTConst:fT1	1
LTConst:fT2	0
LTConst:fTeb	0
LQConst:Leaf	standard
LQConst:Ambient	Sun+Sky
LQConst:abs_ambient	0.8
LQConst:abs_redLED	0.84
LQConst:abs_greenLED	0.7
LQConst:abs_blueLED	0.87
LQConst:abs_whiteLED	0.75
LQConst:abs_redFlr	0.84
LQConst:abs_blueFlr	0.87
LQConst:k_ambient	0.1911
LQConst:k_redLED	0.1512
LQConst:k_greenLED	0.161
LQConst:k_blueLED	0.2262
LQConst:k_whiteLED	0.1575
LQConst:k_redFlr	0.1596
LQConst:k_blueFlr	0.2175
QConst:fQ_Amb_in	0.0
QConst:fQ_Amb_out	0.0
QConst:fQ_HeadLS	0.0
QConst:fQ_ConsoleLS	0.0
QConst:fQ_Flr	1.0
LeakConst:fan_a	-6276.0
LeakConst:fan_b	6.6
LeakConst:fan_c	1.709e-05
LeakConst:fan_d	3.11
LeakConst:Fs_meas	2.18809 197.973 355.296 576.318 844.444 1058.56 1224.84 1388.13
LeakConst:Fs_true	0.60564 219.229 385.49 590.114 809.923 1001.56 1201.44 1400.6
LeakConst:leak_wt	0
[Data]
SysObs	SysObs	SysObs	SysObs	SysObs	SysObs	GasEx	GasEx	GasEx	GasEx	GasEx	GasEx	GasEx	GasEx	GasEx	GasEx	GasEx	GasEx	GasEx	GasEx	GasEx	GasEx	GasEx	GasEx	GasEx	GasEx	GasEx	GasEx	GasEx	GasEx	GasEx	GasEx	Dynamic	Dynamic	Dynamic	Dynamic	Dynamic	Dynamic	Dynamic	Dynamic	Dynamic	Dynamic	Leak	Leak	Leak	Leak	Leak	LeafQ	LeafQ	LeafQ	LeafQ	Const	Const	Const	Const	Const	Meas	Meas	Meas	Meas	Meas	Meas	Meas	Meas	Meas	Meas	Meas	Meas	Meas	Meas	Meas	Meas	Meas	Meas	Meas2	Meas2	Meas2	Meas2	Meas2	Meas2	Meas2	Meas2	Meas2	Meas2	FlrLS	FlrLS	FlrLS	FlrLS	FlrLS	FlrLS	FlrLS	FlrLS	FlrLS	FlrLS	FlrLS	FlrLS	FlrLS	FlrLS	FlrLS	FlrLS	FlrLS	FlrLS	MchEvent	MchEvent	MchEvent	MchEvent	MchEvent	MchEvent	MchEvent	MchEvent	MchEvent	MchEvent	MchEvent	MchEvent	MchEvent	Stability	Stability	Stability	Stability	Stability	Stability	Stability	Stability	Stability	Stability	Stability	Raw	Raw	Raw	Raw	Raw	Raw	Raw	Raw	Raw	Raw	Raw	Raw	Raw	Raw	Raw	Raw	Raw	Raw	Status2	Status2	Status2	Status2	Status2	Status2	Status2	Status2	Status2	Status2	Status2	Status2	Status2	Status2	Status2	Status2	Status2	Status2	Status2	Auxiliary	Auxiliary	Auxiliary	Auxiliary	Auxiliary	Auxiliary	Auxiliary	Auxiliary	Auxiliary	Auxiliary	Auxiliary	Auxiliary	Auxiliary	Auxiliary	Auxiliary	Auxiliary	Auxiliary	Auxiliary	Auxiliary	MchStatus	MchStatus	MchStatus	MchStatus	MchStatus	MchStatus	MchStatus	MchStatus	MchStatus	MchStatus	MchStatus	MchStatus	MchStatus	MchStatus	MchStatus	MchStatus	MchStatus	MchStatus	ConStatus	ConStatus	ConStatus	ConStatus	ConStatus	ConStatus	ConStatus	ConStatus	Status	Status	Status	Status	Status	Status	Status	Status	Status	Status	Status	Status	Status	Status	Status	Status	
obs	time	elapsed	date	hhmmss	averaging	TIME	E	Emm	A	Ca	Ci	Pci	Pca	gsw	gbw	gtw	gtc	Rabs	TleafEB	TleafCnd	SVPleaf	RHcham	VPcham	SVPcham	VPDleaf	LatHFlux	SenHFlux	NetTherm	EBSum	Asty	Esty	Adyn	Crd	Csd	dCsd/dt	αVc	Edyn	Hr	Hs	dHs/dt	αVh	Leak	LeakPct	CorrFact	CorrFactPct	Fan	Qin	Qabs	alpha	convert	S	K	Geometry	Custom	UseDynamic	TIME	CO2_s	CO2_r	H2O_s	H2O_r	CO2_a	H2O_a	Flow	Pa	ΔPcham	Tair	Tleaf	Tleaf2	Offset	Offset2	Fan_speed	Qamb_in	Qamb_out	ΔCO2	CO2_s_d	CO2_r_d	ΔH2O	CO2_b	H2O_b	e_s	e_r	Td_s	Td_r	Q	f_red	f_blue	f_farred	F	Q_modavg	F_dc	Pc	Tled	TDigital	TPreamp	TPwrSpy	TDrive	Q_red	Q_blue	Q_farred	TSPF	state	time	hhmmss	co2_t	h2o_t	count	co2_adj	h2o_adj	co2_match	h2o_match	co2_at	h2o_at	co2_cv	h2o_cv	ΔCO2:MN	ΔCO2:SLP	ΔCO2:SD	ΔCO2:OK	ΔH2O:MN	ΔH2O:SLP	ΔH2O:SD	ΔH2O:OK	Stable	Total	State	Vflow	VPchamber	abs_c_a	abs_c_b	abs_h_a	abs_h_b	Wc_s	Wc_r	Wco_s	Wco_r	Ww_s	Ww_r	Wwo_s	Wwo_r	Flow_s_v	Flow_r_v	Tleaf_mv	Tleaf2_mv	Tleaf_j	Tleaf2_j	Console_RH	Console_T	Console_H2O	Fan_%	Flow_%	Pump	Tchp_pwm	Txchg_pwm	diag_20v	diag_5_4v	diag_12v	diag_5va	diag_3_3vf	AccCO2_soda	AccH2O_des	AccH2O_hum	CO2_hrs	ADC_CH1	ADC_CH2	ADC_CH3	ADC_CH4	ADC_CH5	ADC_CH6	ADC_CH7	ADC_CH8	DAC_1	DAC_2	DAC_3	DAC_4	GPIO	GPIO_dir	excit_5v	power_12v	power_5v	ch1_pullup	AuxPower	MatchValveR	MatchValveS	MatchCO2	MatchH2O	cf_co2_a	cf_co2_b	cf_co2_c	cf_co2_d	cf_h2o_a	cf_h2o_b	cf_h2o_c	cf_h2o_d	co2_fit_low	co2_fit_high	h2o_fit_low	h2o_fit_high	co2_elapsed	h2o_elapsed	CO2_f	CO2_f_s	Pump_f	Pump_f_s	Pump_p	Pump_p_s	Tboard	V_system	DIAG	Flow_s	Flow_r	Txchg	Tirga	Tchopper	Ts	Tr	CO2_%	Desiccant_%	Humidifier_%	Txchg_sp	CO2_r_sp	H2O_r_sp	SS_s	SS_r	
	s	s			s	s	mol m⁻² s⁻¹	mmol m⁻² s⁻¹	µmol m⁻² s⁻¹	µmol mol⁻¹	µmol mol⁻¹	Pa	Pa	mol m⁻² s⁻¹	mol m⁻² s⁻¹	mol m⁻² s⁻¹	mol m⁻² s⁻¹	W m⁻²	°C	°C	kPa	%	kPa	kPa	kPa	W m⁻²	W m⁻²	W m⁻²	W m⁻²	µmol m⁻² s⁻¹	mmol m⁻² s⁻¹	µmol m⁻² s⁻¹	µmol mol⁻¹	µmol mol⁻¹	µmol mol⁻¹ s⁻¹	cm³	mmol m⁻² s⁻¹	mmol mol⁻¹	mmol mol⁻¹	mmol mol⁻¹ s⁻¹	cm³	µmol s⁻¹	%		%	µmol s⁻¹	µmol m⁻² s⁻¹	µmol m⁻² s⁻¹		J/µmol	cm²			mol m⁻² s⁻¹		s	µmol mol⁻¹	µmol mol⁻¹	mmol mol⁻¹	mmol mol⁻¹	µmol mol⁻¹	mmol mol⁻¹	µmol s⁻¹	kPa	kPa	°C	°C	°C	°C	°C	rpm	µmol m⁻² s⁻¹	µmol m⁻² s⁻¹	µmol mol⁻¹	µmol mol⁻¹	µmol mol⁻¹	mmol mol⁻¹	µmol mol⁻¹	mmol mol⁻¹	kPa	kPa	°C	°C	µmol m⁻² s⁻¹					µmol m⁻² s⁻¹			°C	°C	°C	°C	°C	µmol m⁻² s⁻¹	µmol m⁻² s⁻¹	µmol m⁻² s⁻¹	s		secs		s	s		µmol/mol	mmol/mol	µmol/mol	mmol/mol	µmol/mol	mmol/mol	%	%	µmol mol⁻¹	µmol mol⁻¹ min⁻¹	µmol mol⁻¹		mmol mol⁻¹	mmol mol⁻¹ min⁻¹	mmol mol⁻¹					V	V													V	V	mV	mV	°C	°C	%	°C	mmol mol⁻¹	%	%		V	V	V	V	V	V	V	mg	mg	mg	hrs	V	V	V	V	V	V	V	V	V	V	V	V							V	%	%	µmol/mol	mmol/mol	µmol/mol				mmol/mol				µmol mol⁻¹	µmol mol⁻¹	mmol mol⁻¹	mmol mol⁻¹	min	min	V	V	V	V	V	V	°C	V		µmol s⁻¹	µmol s⁻¹	°C	°C	°C	°C	°C	%	%	%	°C	µmol mol⁻¹	mmol mol⁻¹	%	%	
1	1750871425.6	0	20250625 10:10:25	10:10:25	15	1750871417.8499994	-0.003972041034866127	-3.9720410348661273	-22.845057616528344	421.0307	208.92272051141828	21.08360184202487	42.48864661698618	-0.1766618725929133	3.0	-0.1826534699452008	-0.11360326043739577	161.91701465321023	29.854246392367234	27.907890000000002	3.7745102100250083	43.409924175678796	1.6388230160485044	3.775226626557171	2.135687193976504	175.1670096375962	0.526181119999425	0.03819732795282494	337.64840273875865	-22.845057616528344	-3.9720410348661273	-22.610786661119807	410.5453828561336	427.8185090909089	0.004739655030159953	66.95403845728266	-4.1288369410625725	19.181547036715312	16.13494969696969	2.3122550327254433e-06	79.23023206298099	802.0	100.0	1	0	53235.0	1000.0063666666664	841.205347240005	0.8411999916000588	0.16191598378811348	6.0	0.5	1: Needles	2.0	False	1750871417.8499994	421.0307	402.6431	16.23951	19.170090000000005	418.7647	16.01351	800.0198666666666	100.81336666666665	0.10242549999999997	27.91114333333333	27.907890000000002	999.9000000000002	0.0	0.0	10014.582	0.0	0.0015891413333333332	18.196109999999997	427.7400333333333	410.5127333333333	-3.036815	402.6431	19.170090000000005	1.6264493333333336	1.9326006666666666	14.211703333333334	16.902683333333332	1000.0063666666664	0.9600030000000002	0.0399973	0.0	1.6965	0.0	5250.989666666666	7946.974	35.937	39.0	37.129133333333336	38.43699999999999	36.375	960.0069999999998	40.0	0.0	1750871442.4	0.0	1750871452.1	10:10:52	1750871452.1	1750871448.6	1	0.181	-0.006	2.266	0.226	395.0	19.0	0.12	0.02	18.1743925	0.39815797373355605	0.042489606890979616	0	-3.03002225	-0.13222435272044097	0.012796993492125389	0	0	2	0/2	3.45105	2.78303	0.0989183	0.0960837	0.0886156	0.100061	27001.5	30885.2	29116.6	34767.9	30667.8	38834.7	35808.3	46008.2	0.297	2.19125	0.0391975	0	27.324	999.9	76.3	24.5	23.3581	61.61	25.1002	2	-0.0115676	0	20.2909	5.20801	11.974	4.98885	3.27125	2952.0	9999.0	9999.0	999.9	4.97265	1.86264	1.86447	1.86292	1.86291	1.86347	1.85992	1.86277	0.0	0.0	0.0	0.0	11111111	oooooooo	on	on	on	on	0.0	100	100	2.266	0.226	2.3639870666499325	-0.0010337305037507979	9.120241388950126e-07	-2.246115299815222e-10	-0.047675173230874696	-0.01814858093373864	0.0020919599883593687	-1.9087170078860404e-05	2.0	2210.0	1.0	26.0	2779.4	2782.9	1.06323	2.36694	2.34741	2.77344	2.39868	2.25464	30.7604	13.9044	18	-0.90259	646.993	27.1654	27.3116	30.0017	27.3051	26.8161	21.3339	27.3927	77.2345	-999.9	405	19.1274	99.9174	100.473	
2	1750871565.1	139.5	20250625 10:12:45	10:12:45	15	1750871557.0999994	0.0007418803648075545	0.7418803648075545	4.423995328550322	400.51858064516125	219.91972961876021	22.19354693160592	40.41896528309622	0.041504176899912634	3.0	0.041187802611296565	0.025770600433385603	161.91572317208247	29.48211752664319	28.57505483870968	3.9239326052960335	54.555143885145675	2.1610107107204746	3.9611493194299436	1.762921894575559	-32.71692408801315	26.317577574193106	1.9247467305770651	157.4411233888395	4.423995328550322	0.7418803648075545	4.213993522856539	412.67903330041764	409.4449636363635	0.001868129937619249	66.94882130962378	0.8415337641425817	20.887335562759446	21.497596363636358	0.001833660392485575	79.38072121455714	1.0	0.0	1	0	53039.0	999.9946451612902	841.195801315971	0.8412003058079313	0.16191659020930746	6.0	0.5	1: Needles	2.0	False	1750871557.0999994	400.51858064516125	404.0593548387096	21.413832258064517	20.869348387096775	398.2935806451612	21.14483225806452	800.016935483871	100.81687096774192	0.09970877741935484	28.737774193548386	28.57505483870968	999.9000000000003	0.0	0.0	10008.491612903226	0.0	0.0015536	-3.501571612903226	409.3430645161291	412.6715806451613	0.5925380967741937	404.0593548387096	20.869348387096775	2.1637203225806454	2.103981935483871	18.69617741935484	18.249358064516134	999.9946451612902	0.95999035483871	0.040009632258064524	0.0	1.898548387096774	0.0	7902.8019354838725	7946.839999999999	36.125	39.08435483870967	37.25	38.56199999999998	36.625	959.9851612903227	40.01	0.0	1750871581.6	0.0	1750871583.6	10:13:03	1750871583.6	1750871582.1	2	-0.038	-0.027	2.225	0.269	402.0	21.0	0.49	0.11	-3.5695375609756095	1.2714909407665513	0.13027651125316128	0	0.5843329268292683	0.14779998606271857	0.014981166946943993	0	0	2	0/2	3.45175	2.7803	0.0952148	0.0962113	0.108432	0.106113	27092.3	30859.3	29096.4	34745.9	29973.3	38548.4	35782.2	45977.5	2.47547	2.1815	0.0310168	0	28.1083	999.9	76	25	23.9661	62.13	24.5072	2	0.0269715	0	20.2906	5.20621	11.974	4.9892	3.27125	2956.1	9999.0	9999.0	999.9	4.97264	1.86268	1.86447	1.86295	1.86295	1.86355	1.86	1.86279	0.0	0.0	0.0	0.0	11111111	oooooooo	on	on	on	on	0.0	100.0	100.0	2.225	0.269	2.545378769779526	-0.0010337305037507979	9.120241388950126e-07	-2.246115299815222e-10	-0.05406220090139752	-0.01814858093373864	0.0020919599883593687	-1.9087170078860404e-05	2.0	2210.0	1.0	26.0	1.9	1.9	1.17432	2.37183	2.34741	2.771	2.39868	2.2583	31.3898	13.8781	18	830.504	646.133	27.8768	27.8471	30.0012	27.5017	27.4287	23.5708	22.4004	81.9256	-999.9	405	20.8929	99.8461	100.407	
3	1750871712.1	286.5	20250625 10:15:12	10:15:12	15	1750871704.3499994	0.001898043178474308	1.898043178474308	8.572081472948984	397.2998	249.81653472411955	25.20928856468855	40.0920031812692	0.10125637269622774	3.0	0.09939534716315773	0.062286448758552895	161.91971857217808	29.790292446374178	29.360456666666664	4.106425670105988	54.614314864753766	2.24003139175492	4.101546265483888	1.866394278351068	-83.70370417071697	-3.33176160000028	-0.24535474760446807	74.63889805385637	8.572081472948984	1.898043178474308	8.618926964518499	412.88491778878654	406.28693333333325	-0.001072448288810821	66.94846920769486	1.94113752646254	20.84270714453837	22.237246666666664	0.007277441771143911	79.38214142588899	228.0	29.0	1	0	52872.0	1000.0196666666668	841.2168204000924	0.8412002767946486	0.16191653421367186	6.0	0.5	1: Needles	2.0	False	1750871704.3499994	397.2998	404.29446666666666	22.19804333333333	20.806103333333333	395.0378	21.874536666666668	799.9958333333333	100.8111666666667	0.10004240333333334	29.339856666666662	29.360456666666664	999.9000000000002	0.0	0.0	10003.329666666668	0.0	0.0015620663333333331	-7.028992333333333	406.2841	412.885	1.3919460000000001	404.29446666666666	20.806103333333333	2.2378096666666667	2.0974863333333333	19.235576666666663	18.20009333333333	1000.0196666666668	0.9599897666666666	0.04001033333333333	0.0	1.9485000000000003	0.0	8987.926000000001	7947.033333333335	36.309933333333326	39.25	37.38120000000001	38.75	36.875	960.0093333333333	40.01	0.0	1750871728.6	0.0	1750871734.1	10:15:34	1750871734.1	1750871582.1	3	0.037	-0.027	2.262	0.269	403.0	21.0	0.25	0.11	-7.034737804878049	0.30689644599302995	0.05538616493234705	0	1.39002243902439	0.003385087108013729	0.006917868972763981	1	1	2	1/2	3.45188	2.78031	0.0944638	0.0961144	0.110934	0.105806	27096.1	30841.9	29078	34724.9	29870.7	38538.3	35759.2	45948.8	2.11075	2.16747	0.0458434	0	28.6505	999.9	75.3	25.6	24.6141	61.95	24.5192	2	0.0622459	0	20.2899	5.20606	11.974	4.989	3.2714	2960.6	9999.0	9999.0	999.9	4.97264	1.86277	1.86461	1.86298	1.86299	1.86356	1.86005	1.86282	0.0	0.0	0.0	0.0	11111111	oooooooo	on	on	on	on	0.0	100.0	100.0	2.262	0.3254	2.507521345486953	-0.0010337305037507979	9.120241388950126e-07	-2.246115299815222e-10	-0.08071160139803679	-0.01814858093373864	0.0020919599883593687	-1.9087170078860404e-05	2.0	2210.0	1.0	26.0	2.1	2.2	1.21704	2.36572	2.34741	2.76978	2.39868	2.28027	31.9805	13.8518	18	557.082	641.119	28.5358	28.3631	30.0012	28.0704	27.9903	24.403	23.9959	84.0636	-999.9	405	20.9676	99.7824	100.345	
4	1750871840.6	415.0	20250625 10:17:20	10:17:20	15	1750871832.8499994	0.0011999408779364575	1.1999408779364575	5.8849016056472	400.01026666666667	239.90361542812255	24.207057129584584	40.362340352146575	0.06327459199635971	3.0	0.06254243058770433	0.03915409491045749	161.9189414196101	30.369706935181885	29.62303333333333	4.169065517240875	54.67549385390477	2.295143893667363	4.197756127818589	1.8739216235735117	-52.917392716997774	19.26599232000153	1.4234548338296809	129.69099585644352	5.8849016056472	1.1999408779364575	5.671138617681199	413.79489297589436	409.442484848485	0.0012123506664324139	66.94628209993935	1.2998403716280797	21.880543690392596	22.830516363636363	0.0006611811491261501	79.51116878908071	209.0	26.0	1	0	52755.0	1000.0184333333333	841.2154837200052	0.8411999776004181	0.161915956768807	6.0	0.5	1: Needles	2.0	False	1750871832.8499994	400.01026666666667	404.78383333333335	22.745983333333335	21.866516666666666	397.79426666666666	22.455983333333336	800.0169333333334	100.80313333333334	0.10012769666666667	29.742153333333338	29.62303333333333	999.9000000000002	0.0	0.0	9994.121333333334	0.0	0.0015544219999999997	-4.726265666666667	409.3944333333333	413.8330666666667	0.9399963666666669	404.78383333333335	21.866516666666666	2.2989680000000003	2.204213666666667	19.66917	18.99296666666667	1000.0184333333333	0.9600023	0.03999761999999999	0.0	1.6204999999999994	0.0	6245.502666666668	7947.072	36.437	39.43699999999998	37.5956	38.81199999999999	37.06199999999999	960.0186666666667	40.0	0.0	1750871857.6	0.0	1750871859.6	10:17:39	1750871857.6	1750871859.6	4	-0.045	-0.022	2.216	0.29	404.0	22.0	0.28	0.11	-4.770720975609756	0.9504002090592297	0.11481209349925786	0	0.9151294634146342	0.35882065505226507	0.04398691575862052	0	0	2	0/2	3.45253	2.78065	0.0948727	0.0960879	0.112831	0.109351	27068.3	30827	29062.6	34708.9	29791.4	38368.3	35739.8	45927.5	2.13525	2.15935	0.0392422	0	29.036	999.9	74.8	26	25.0354	61.96	24.395	2	0.0900991	0	20.2902	5.20995	11.974	4.9897	3.272	2964.4	9999.0	9999.0	999.9	4.97264	1.86279	1.86462	1.8631	1.86308	1.86359	1.86007	1.86294	0.0	0.0	0.0	0.0	11111111	oooooooo	on	on	on	on	0.0	100.0	100.0	2.216	0.29	2.5443911667562147	-0.0010337305037507979	9.120241388950126e-07	-2.246115299815222e-10	-0.08071160139803679	-0.01814858093373864	0.0020919599883593687	-1.9087170078860404e-05	2.0	2210.0	1.0	26.0	1.8	4.3	1.24268	2.37305	2.34741	2.76611	2.39868	2.29492	32.4433	13.8256	18	577.197	639.305	29.0374	28.7723	30.001	28.4933	28.4168	24.9364	21.1875	87.4152	-999.9	405	21.8058	99.7288	100.299	
5	1750871963.5	537.9000000953674	20250625 10:19:23	10:19:23	15	1750871955.5548387	0.0006931501456061506	0.6931501456061506	3.5651032532329996	401.9827741935483	222.43436588906496	22.44197237619725	40.55707074804236	0.033878919269130905	3.0	0.033667797241176196	0.021061231924728755	161.91937838198874	30.96887570755012	30.417580645161287	4.363713080645424	54.621122663939204	2.35571399701321	4.312826031619539	2.0079990836322144	-30.567921421231244	-33.10579401290279	-2.4613687775976074	95.7842941702571	3.5651032532329996	0.6931501456061506	3.3032119394731376	414.352928028588	411.7426727272725	0.022415641495178544	66.94722797850073	0.7505229273432087	22.852280285724664	23.401118787878783	0.00022062229175012166	79.47244369374488	6.0	1.0	1	0	52662.0	1000.0182580645164	841.2155773933089	0.8412002187054445	0.16191642210150772	6.0	0.5	1: Needles	2.0	False	1750871955.5548387	401.9827741935483	404.86554838709685	23.348738709677416	22.84101935483871	399.8387741935483	23.023738709677417	800.0080645161289	100.79245161290325	0.10010735161290321	30.212890322580645	30.417580645161287	999.9000000000003	0.0	0.0	9999.252903225808	0.0	0.0015483599999999997	-2.8097112903225803	411.68038709677415	414.3291612903226	0.5379027096774193	404.86554838709685	22.84101935483871	2.356418709677419	2.302200967741936	20.06735161290323	19.691809677419354	1000.0182580645164	0.9599949354838706	0.04000527419354838	0.0	2.2170967741935486	0.0	6692.885806451612	7947.039354838709	36.375	39.375	37.5	38.875	37.06199999999998	960.0112903225806	40.00806451612903	0.0	1750871980.6	0.0	1750871981.5	10:19:41	1750871980.5	1750871981.5	5	-0.072	-0.009	2.144	0.325	405.0	23.0	0.27	0.15	-2.8126087804878046	0.02239101560343656	0.02332982840988636	1	0.5347544390243902	0.06875836242740532	0.0068302485690181595	1	2	2	2/2	3.45294	2.78093	0.095184	0.0960405	0.114747	0.112623	27053.2	30822.2	29057.1	34702.7	29721.8	38220.9	35733.1	45919.4	2.44942	2.15535	0.0665076	0	29.3647	999.9	74.2	26.4	25.4346	61.93	24.2628	2	0.103783	0	20.2902	5.2098	11.974	4.98985	3.272	2968.3	9999.0	9999.0	999.9	4.97266	1.86281	1.86466	1.86311	1.8631	1.86371	1.86013	1.86295	0.0	0.0	0.0	0.0	11111111	oooooooo	on	on	on	on	0.0	100.0	100.0	2.144	0.325	2.498917282753107	-0.0010337305037507979	9.120241388950126e-07	-2.246115299815222e-10	-0.10295920878946446	-0.01814858093373864	0.0020919599883593687	-1.9087170078860404e-05	2.0	2210.0	1.0	26.0	1.8	1.7	1.2561	2.37915	2.34741	2.76489	2.39868	2.24487	32.8424	13.7906	18	824.711	639.085	29.4836	29.0279	30.0005	28.7525	28.6891	25.1849	18.4914	94.4569	-999.9	405	22.8778	99.7101	100.281	
6	1750872073	647.4000000953674	20250625 10:21:13	10:21:13	15	1750872065.25	0.00268475576294757	2.68475576294757	3.7185915967586705	401.23849999999993	344.05578940032325	34.711837495541666	40.48100929570292	0.13486037997277162	3.0	0.13158070136179512	0.08252596137100696	161.9146244689707	30.640211877889925	30.465036666666666	4.375585313713669	54.7657126750745	2.3860172225833667	4.356771976546037	1.9895680911303026	-118.39772914598784	-12.171173119999294	-0.9059137046171345	30.439808498366403	3.7185915967586705	2.68475576294757	3.6816062377467342	413.81527767481623	410.9810363636365	0.0035645189527201858	66.945697054997	2.686241971885535	21.686755540341725	23.65314121212121	0.00014833101905918075	79.52869695732706	37.0	5.0	1	0	52645.0	999.9953666666665	841.1957784398811	0.84119967599838	0.16191537467687336	6.0	0.5	1: Needles	2.0	False	1750872065.25	401.23849999999993	404.8352666666667	23.64965666666667	21.68376333333333	399.1094999999999	23.29025	800.0217	100.79026666666667	0.09987547	30.389783333333337	30.465036666666666	999.9000000000002	0.0	0.0	10002.684666666668	0.0	0.001536266	-3.5798656666666657	410.9746999999999	413.80806666666666	1.9658886666666668	404.8352666666667	21.68376333333333	2.3836533333333336	2.1855126666666664	20.253159999999994	18.856503333333333	999.9953666666665	0.9600101000000002	0.039989943333333326	0.0	1.5438333333333332	0.0	6919.888333333334	7946.915333333334	36.297533333333334	39.25	37.43699999999999	38.77686666666667	37.05786666666666	960.0059999999999	39.989000000000004	0.0	1750872089.8	0.0	1750872090	10:21:30	1750872090	1750871981.5	6	-0.016	-0.009	2.129	0.325	405.0	23.0	0.48	0.15	-3.5433890000000003	-0.7506049530956709	0.08260336932595426	0	1.97479375	-0.14601489681050894	0.017301407267546184	0	0	2	0/2	3.45235	2.7805	0.0950098	0.0959987	0.115573	0.10854	27057.7	30822.7	29056.7	34702.3	29694.8	38397.1	35733.9	45919.4	2.4043	2.14935	0.0680462	0	29.3761	999.9	73.7	26.7	25.7128	61.61	24.391	2	0.109258	0	20.2905	5.20965	11.974	4.98975	3.272	2971.5	9999.0	9999.0	999.9	4.97265	1.86289	1.86476	1.86315	1.86316	1.86371	1.8602	1.86295	0.0	0.0	0.0	0.0	11111111	oooooooo	on	on	on	on	0.0	100.0	100.0	2.129	0.3596	2.427326076169934	-0.0010337305037507979	9.120241388950126e-07	-2.246115299815222e-10	-0.1115349128315053	-0.01814858093373864	0.0020919599883593687	-1.9087170078860404e-05	2.0	2210.0	1.0	26.0	1.5	1.5	1.25854	2.37305	2.34741	2.76245	2.39868	2.2644	33.1545	13.7818	18	787.058	635.818	29.7919	29.1478	30	28.8973	28.8333	25.2385	24.3633	97.3682	-999.9	405	21.7294	99.7107	100.281	
7	1750872209	783.4000000953674	20250625 10:23:29	10:23:29	15	1750872201.0	0.00021880583034924778	0.21880583034924778	0.03584548041586219	404.87090322580644	386.3634758905164	38.98100079333658	40.84825296559935	0.010600245721296028	3.0	0.010579481366045146	0.006614038021598075	161.915097205682	31.68856408035525	30.778367741935494	4.454681122875451	54.65159555555509	2.4393134872976288	4.4633893347505085	2.0153676355778223	-9.649337118401826	5.531371199998602	0.4132060102634577	158.21033729754222	0.03584548041586219	0.21880583034924778	-0.012945199625130915	414.952670668418	414.96248484848485	3.995870060898212e-05	66.94593451880571	0.24668431875155256	24.030741574279205	24.209510909090906	0.0004439712299424398	79.50725726149332	106.0	13.0	1	0	52760.0	999.997806451613	841.1978710442276	0.8411997162565084	0.16191545237506139	6.0	0.5	1: Needles	2.0	False	1750872201.0	404.87090322580644	404.9642258064517	24.17746129032258	24.01732903225806	402.79190322580644	23.81246129032258	800.0224193548387	100.79183870967742	0.10020524838709678	30.812567741935485	30.778367741935494	999.9000000000003	0.0	0.0	10005.641935483869	0.0	0.0015329470967741935	-0.043880335483870964	414.96141935483865	414.9297741935484	0.17991583870967742	404.9642258064517	24.01732903225806	2.4388838709677416	2.4207496774193547	20.62429354838709	20.503251612903224	999.997806451613	0.9600067419354839	0.039992909677419364	0.0	0.5779032258064516	0.0	6366.74129032258	7946.917096774194	36.32012903225806	39.25	37.40499999999999	38.74187096774194	37.06199999999998	960.0041935483871	39.99032258064516	0.0	1750872226	0.0	1750872225	10:23:45	1750872221	1750872225	7	-0.049	-0.014	2.079	0.365	405.0	24.0	0.38	0.17	-0.051934817499999994	0.11941232690431534	0.027687864476367507	0	0.18253550000000002	-0.0571748667917451	0.012895268579987004	1	1	2	1/2	3.45361	2.78096	0.0956535	0.0960064	0.117385	0.116544	27035.4	30819.1	29053.7	34698.9	29631.6	38049.2	35731.2	45915.5	2.29988	2.1486	0.0680089	0	29.7134	999.9	73	27.1	26.0758	61.36	24.2869	2	0.116077	0	20.2901	5.21085	11.974	4.99115	3.272	2975.7	9999.0	9999.0	999.9	4.97266	1.86295	1.86478	1.86322	1.86323	1.86371	1.8602	1.86296	0.0	0.0	0.0	0.0	11111111	oooooooo	on	on	on	on	0.0	100.0	100.0	2.079	0.365	2.4115896090178306	-0.0010337305037507979	9.120241388950126e-07	-2.246115299815222e-10	-0.1115349128315053	-0.01814858093373864	0.0020919599883593687	-1.9087170078860404e-05	2.0	2210.0	1.0	26.0	2.0	3.8	1.26709	2.3877	2.34741	2.76001	2.39868	2.26562	33.513	13.738	18	702.677	636.776	30.1202	29.2556	30.0005	29.0314	28.9759	25.4091	16.1388	100	-999.9	405	24.0089	99.7019	100.271	
8	1750872346.5	920.9000000953674	20250625 10:25:46	10:25:46	15	1750872338.75	0.0018683736709001334	1.8683736709001335	5.955475476256823	399.9231	282.3445663861967	28.490178666672826	40.35452396964098	0.09100806165455363	3.0	0.08950166589814787	0.0560718078871675	161.91393773574435	31.423705183710542	30.972976666666668	4.504431820022006	54.87361734998708	2.470800400029761	4.502710991824822	2.033631419992245	-82.39527888669588	-1.083631199999773	-0.08108901484737266	78.35393863420133	5.955475476256823	1.8683736709001335	6.017044813633362	414.51407836387875	409.90065454545464	-0.0018620215823538376	66.94509543908583	1.871955061049759	23.12640072900018	24.494458181818164	0.00038714370236171686	79.53917538079189	200.0	25.0	1	0	52547.0	999.9860999999999	841.1884049200746	0.8412000976014314	0.16191618837076274	6.0	0.5	1: Needles	2.0	False	1750872338.75	399.9231	404.9501666666667	24.486230000000003	23.119246666666662	397.82009999999997	24.101276666666667	799.9911333333333	100.80566666666667	0.10004238000000001	30.96627666666667	30.972976666666668	999.9000000000002	0.0	0.0	9997.798333333334	0.0	0.001554422	-5.04857	409.93950000000007	414.5339000000001	1.3669903333333335	404.9501666666667	23.119246666666662	2.468350666666667	2.3305519999999995	20.819306666666666	19.889133333333337	999.9860999999999	0.9599955000000001	0.040004756666666655	0.0	2.2685000000000004	0.0	7654.662333333333	7946.789000000001	36.566199999999995	39.43699999999998	37.625	38.9538	37.31199999999999	959.9826666666667	40.00266666666666	0.0	1750872363.4	0.0	1750872363.5	10:26:03	1750872363.5	1750872225	8	0.024	-0.014	2.103	0.365	405.0	24.0	0.19	0.17	-5.028934	-0.28242529080675455	0.03676281339886819	0	1.3807494999999999	-0.2197630018761774	0.02525772227953266	0	0	2	0/2	3.45321	2.78019	0.094696	0.0959464	0.118321	0.113437	27052.8	30809.1	29042.5	34686.5	29589.3	38170.2	35717.4	45899.6	2.14037	2.13825	0.0556186	0	30.0884	999.9	72.5	27.5	26.5071	62.03	24.4792	2	0.135694	0	20.2891	5.20696	11.974	4.99	3.2714	2979.9	9999.0	9999.0	999.9	4.97267	1.86295	1.86479	1.86325	1.86325	1.86375	1.8602	1.86304	0.0	0.0	0.0	0.0	11111111	oooooooo	on	on	on	on	0.0	100.0	100.0	2.103	0.3854	2.362422965833722	-0.0010337305037507979	9.120241388950126e-07	-2.246115299815222e-10	-0.12558313354081602	-0.01814858093373864	0.0020919599883593687	-1.9087170078860404e-05	2.0	2210.0	1.0	26.0	2.1	2.0	1.26709	2.38037	2.34741	2.75879	2.39868	2.30469	33.9187	13.7205	18	588.025	630.971	30.4017	29.5063	30.0008	29.2725	29.2103	25.4271	20.8375	100	-999.9	405	23.0881	99.6634	100.236	
9	1750872449	1023.4000000953674	20250625 10:27:29	10:27:29	15	1750872441.25	0.00208930060057375	2.08930060057375	6.0915322824969875	399.80799999999994	291.68496554339504	29.434484629592248	40.34538567616789	0.10246800226818695	3.0	0.10056262403059045	0.0630198796291914	161.91805703337735	31.60501110890084	31.062306666666668	4.527430134959222	54.86188592914192	2.5039149124991824	4.564033609295111	2.02351522246004	-92.13815648530237	22.8635400799996	1.7136575534208958	94.35709818149546	6.0915322824969875	2.08930060057375	6.085450882736951	414.65414908813386	409.9928303030301	-0.003444251227137756	66.94356543549705	2.1131919840237243	23.29554929834729	24.839042424242425	0.0005051724727402499	79.59191477448118	470.0	59.0	1	0	52589.0	1000.0092666666667	841.2080835198847	0.8412002883972122	0.16191655660661947	6.0	0.5	1: Needles	2.0	False	1750872441.25	399.80799999999994	405.0030333333333	24.812880000000003	23.284816666666664	397.78299999999996	24.412483333333338	800.0162	100.81183333333334	0.10006857000000004	31.20367	31.062306666666668	999.9000000000002	0.0	0.0	10007.373333333333	0.0	0.0015490073333333332	-5.114636000000002	410.06340000000006	414.6583666666666	1.5280623333333336	405.0030333333333	23.284816666666664	2.5014326666666666	2.347386	21.035816666666665	20.00531333333333	1000.0092666666667	0.9599910333333334	0.04000878999999999	0.0	1.6016666666666668	0.0	7037.969	7946.961999999999	36.75	39.6103	37.8351	39.125	37.43699999999999	959.9996666666667	40.01	0.0	1750872466	0.0	1750872466	10:27:46	1750872466	1750872225	9	-0.078	-0.014	2.025	0.365	405.0	24.0	0.21	0.17	-5.0917535	-0.4556807504690353	0.048593598989475975	0	1.5192644999999998	0.1499630769230719	0.027619329730281285	0	0	2	0/2	3.45323	2.78094	0.0946364	0.0959104	0.119399	0.11397	27045.3	30800	29033.1	34675.8	29544	38135.4	35705.8	45885.1	1.60885	2.132	0.0566691	0	30.1829	999.9	72.1	27.8	26.8269	61.75	24.4832	2	0.151095	0	20.2897	5.2107	11.974	4.9894	3.272	2983.1	9999.0	9999.0	999.9	4.97265	1.86295	1.86481	1.86325	1.86325	1.86374	1.86021	1.86306	0.0	0.0	0.0	0.0	11111111	oooooooo	on	on	on	on	0.0	100.0	100.0	2.025	0.4018	2.386520740937379	-0.0010337305037507979	9.120241388950126e-07	-2.246115299815222e-10	-0.12558313354081602	-0.01814858093373864	0.0020919599883593687	-1.9087170078860404e-05	2.0	2210.0	1.0	26.0	1.4	3.7	1.26953	2.38892	2.34741	2.75391	2.39868	2.29004	34.1905	13.6942	18	303.012	628.004	30.5907	29.717	30.0008	29.4911	29.4012	25.4515	21.0267	100	-999.9	405	23.2431	99.6311	100.205	
10	1750872650.5	1224.9000000953674	20250625 10:30:50	10:30:50	15	1750872642.75	0.0020881434927924854	2.0881434927924856	5.825279049265031	399.9970666666667	292.12370463263284	29.48198265755645	40.368879332713924	0.09863695886937614	3.0	0.09687006859125032	0.060699904667908214	161.91551272160862	31.90229780528249	31.493213333333337	4.639811011494661	54.75690122554072	2.541706190136689	4.641800637453056	2.098104821357972	-92.08712803214861	1.2205676799999519	0.0918122893138763	71.14076465877383	5.825279049265031	2.0881434927924856	5.952599360761298	414.7954127402757	410.2963575757574	-0.02209777050548986	66.942790473759	2.1387091016743858	23.669227413316662	25.224367272727267	0.0021311620458415483	79.61407849995702	305.0	38.0	1	0	52451.0	999.9969333333332	841.1974251200044	0.8412000048000192	0.16191600926403704	6.0	0.5	1: Needles	2.0	False	1750872642.75	399.9970666666667	404.9925	25.18462333333333	23.657946666666664	397.9580666666667	24.766463333333334	799.9943	100.82303333333331	0.09990510000000001	31.500760000000003	31.493213333333337	999.9000000000002	0.0	0.0	10003.123333333333	0.0	0.0015544219999999997	-5.007316666666667	410.3189333333333	414.8058666666667	1.5266626666666665	404.9925	23.657946666666664	2.5391876666666673	2.3852653333333333	21.279876666666667	20.264079999999996	999.9969333333332	0.9599971000000003	0.040002773333333325	0.0	3.0975000000000006	0.0	6820.808000000001	7946.877000000001	37.0	39.82459999999999	38.06199999999999	39.3414	37.68699999999999	959.996	40.0	0.0	1750872667.6	0.0	1750872667.5	10:31:07	1750872667.5	1750872225	10	0.014	-0.014	2.039	0.365	405.0	24.0	0.23	0.17	-5.006943414634146	0.02744195121951301	0.01177251006448164	1	1.525389756097561	0.10844801393728389	0.02069447310306988	0	1	2	1/2	3.45356	2.78085	0.0946117	0.0958458	0.120567	0.115152	27031.5	30787.6	29018.7	34661	29491.1	38068.3	35687.9	45864.8	1.95245	2.12162	0.071425	0	30.3571	999.9	71.3	28.3	27.3087	61.72	24.4912	2	0.177904	0	20.2897	5.211	11.974	4.98985	3.272	2989.3	9999.0	9999.0	999.9	4.97265	1.86298	1.86488	1.8633	1.86326	1.86385	1.86031	1.8631	0.0	0.0	0.0	0.0	11111111	oooooooo	on	on	on	on	0.0	100.0	100.0	2.039	0.4201	2.3081057021107987	-0.0010337305037507979	9.120241388950126e-07	-2.246115299815222e-10	-0.12558313354081602	-0.01814858093373864	0.0020919599883593687	-1.9087170078860404e-05	2.0	2210.0	1.0	26.0	3.1	7.1	1.26953	2.3999	2.34741	2.75513	2.39868	2.29736	34.6235	13.6505	18	474.113	623.413	30.9308	30.0799	30.0005	29.8272	29.7502	25.4757	21.0068	100	-999.9	405	23.6723	99.5814	100.161	
11	1750872803	1377.4000000953674	20250625 10:33:23	10:33:23	15	1750872795.25	0.002446844634589586	2.446844634589586	7.078134468534909	398.94273333333325	288.7521167600609	29.142167415270578	40.263101979495914	0.11712563051790272	3.0	0.11464326705028433	0.07187069046266503	161.91362931000074	32.00948797797223	31.516930000000002	4.646066246552674	54.72607366351541	2.569018733765911	4.694323129339746	2.0770475127867627	-107.90584838540073	29.441882319999745	2.21706925149363	85.66673249609339	7.078134468534909	2.446844634589586	7.037467696728161	414.8093323437037	409.4030606060607	9.946122920722408e-05	66.94169543611773	2.4607653351288024	23.676235117478452	25.474241818181813	0.00013095781187802516	79.66323599270896	219.0	27.0	1	0	52544.0	999.9842666666667	841.1868567202076	0.8412000916016488	0.16191617679118225	6.0	0.5	1: Needles	2.0	False	1750872795.25	398.94273333333325	404.9833333333333	25.45485333333333	23.666466666666672	396.92273333333327	25.023713333333333	800.0151000000001	100.82446666666667	0.10004859666666667	31.698966666666667	31.516930000000002	999.9000000000002	0.0	0.0	10015.838333333331	0.0	0.0015541036666666666	-6.019173333333334	409.3849666666667	414.80013333333335	1.7883916666666666	404.9833333333333	23.666466666666672	2.5664733333333336	2.3861593333333335	21.45429333333333	20.27015333333333	999.9842666666667	0.9599954333333331	0.040004663333333315	0.0	0.3771666666666666	0.0	8683.365	7946.773666666666	37.06199999999999	39.95589999999999	38.162199999999984	39.5	37.80786666666666	959.9796666666666	40.00233333333333	0.0	1750872820	0.0	1750872820	10:33:40	1750872820	1750872225	11	-0.019	-0.014	2.02	0.365	405.0	24.0	0.21	0.17	-6.0145652499999995	-0.1413281425891185	0.023660828703523807	0	1.78511175	0.05753414634145584	0.005564564622457001	1	1	2	1/2	3.45335	2.78097	0.0943891	0.0958	0.121321	0.115128	27032.9	30783.4	29013.6	34655.3	29461.4	38064	35682	45858	2.09805	2.1155	0.061579	0	30.5301	999.9	70.5	28.6	27.4762	61.72	24.5433	2	0.189764	0	20.2895	5.2107	11.974	4.9898	3.272	2994.1	9999.0	9999.0	999.9	4.97265	1.86304	1.86493	1.8634	1.86332	1.86386	1.86035	1.8631	0.0	0.0	0.0	0.0	11111111	oooooooo	on	on	on	on	0.0	100.0	100.0	2.02	0.4321	2.3220999473273483	-0.0010337305037507979	9.120241388950126e-07	-2.246115299815222e-10	-0.12558313354081602	-0.01814858093373864	0.0020919599883593687	-1.9087170078860404e-05	2.0	2210.0	1.0	26.0	2.3	9.6	1.27075	2.39502	2.34741	2.75269	2.39868	2.27783	34.9904	13.6242	18	566.234	620.558	31.2057	30.2592	30.0005	30.0102	29.9432	25.4927	21.9665	100	-999.9	405	23.7698	99.5645	100.146	
12	1750872959.5	1533.9000000953674	20250625 10:35:59	10:35:59	15	1750872951.75	0.001158147721014628	1.158147721014628	2.266336483501186	402.93566666666663	325.3572581876305	32.83475741475227	40.663899562129004	0.05593091737122495	3.0	0.055358013663648446	0.034649742522149314	161.9160254029854	32.640341193813335	31.51049333333333	4.644367859813415	54.62601615552932	2.6089077567859547	4.77594366273748	2.0354601030274604	-51.074314496745096	79.68570984000053	6.009399281074298	196.53682002731514	2.266336483501186	1.158147721014628	2.177386734419812	415.37494890108087	413.69601818181803	0.00121702512872495	66.94120033017377	1.2760077535214926	25.014012439078556	25.9457096969697	0.00011549717323178166	79.68510801254817	31.0	4.0	1	0	52427.0	999.9965666666666	841.1974130792669	0.8412003012003011	0.1619165813165813	6.0	0.5	1: Needles	2.0	False	1750872951.75	402.93566666666663	404.98536666666666	25.851479999999995	25.005343333333332	400.94766666666663	25.480479999999996	800.0182000000001	100.81923333333333	0.09985357333333335	32.00318333333333	31.51049333333333	999.9000000000002	0.0	0.0	10000.545	0.0	0.0015585626666666666	-2.0166730000000004	413.69796666666673	415.37190000000004	0.9295667333333334	404.98536666666666	25.005343333333332	2.6147389999999993	2.5210203333333334	21.758883333333333	21.162853333333327	999.9965666666666	0.9599924666666669	0.04000789666666666	0.0	1.4665	0.0	6395.648	7946.855666666666	37.25	40.25	38.37913333333333	39.682866666666655	38.0	959.9889999999998	40.01	0.0	1750872976.6	0.0	1750872980.5	10:36:20	1750872976.5	1750872980.5	12	-0.032	-0.043	1.988	0.371	405.0	25.0	0.25	0.14	-2.0195775609756095	0.034177839721249194	0.021016436515433785	1	0.9280698292682925	0.023448104529618468	0.007400478761382943	1	2	2	2/2	3.45417	2.78079	0.0950687	0.0957555	0.122768	0.119504	27003.7	30774	29004.7	34643.9	29404.4	37863.5	35671.1	45842.9	2.39298	2.11092	0.0436082	0	30.8236	999.9	69.8	29	27.8437	62.0201	24.4231	2	0.207325	0	20.2895	5.21055	11.974	4.9893	3.272	2998.9	9999.0	9999.0	999.9	4.97266	1.86307	1.86493	1.8634	1.86337	1.86386	1.86035	1.86311	0.0	0.0	0.0	0.0	11111111	oooooooo	on	on	on	on	0.0	100.0	100.0	1.988	0.371	2.303332615606473	-0.0010337305037507979	9.120241388950126e-07	-2.246115299815222e-10	-0.12558313354081602	-0.01814858093373864	0.0020919599883593687	-1.9087170078860404e-05	2.0	2210.0	1.0	26.0	2.3	12.2	1.27319	2.39868	2.34741	2.75024	2.39868	2.29736	35.2902	13.5892	18	794.474	619.239	31.4587	30.481	30.0005	30.2227	30.1656	25.5311	18.0896	100	-999.9	405	24.9588	99.534	100.113	
13	1750873092	1666.4000000953674	20250625 10:38:12	10:38:12	15	1750873084.25	0.002286895782305863	2.286895782305863	7.700862857155954	398.5259	270.36727261075504	27.28459128339601	40.2179457311839	0.10748932825830294	3.0	0.10539468995742388	0.06605647639368178	161.9148997636073	32.49069434856099	31.87595666666666	4.741660013620943	54.68396237526315	2.6319254521239226	4.81297502558904	2.1097345614970204	-100.85210399968857	42.659487360000796	3.2250663981670566	106.9473495220866	7.700862857155954	2.286895782305863	7.633232783768286	415.1206723893151	409.22496363636355	0.00832964611218589	66.94062929166874	2.2981724599559534	24.42195683748009	26.099825454545467	0.00018540291664858723	79.76356244981274	103.0	13.0	1	0	52471.0	999.9930999999999	841.1942045200037	0.8412000088000645	0.16191601698412453	6.0	0.5	1: Needles	2.0	False	1750873084.25	398.5259	404.98493333333334	26.08016	24.40976	396.4919	25.659553333333335	800.0191	100.81643333333335	0.10033451333333332	32.139716666666665	31.87595666666666	999.9000000000002	0.0	0.0	10004.456666666667	0.0	0.00152894	-6.502037333333333	409.1537666666666	415.1178666666667	1.6704043333333338	404.98493333333334	24.40976	2.6293110000000004	2.460906333333334	21.849880000000006	20.77022333333333	999.9930999999999	0.9599990666666669	0.04000053666666666	0.0	-0.19049999999999997	0.0	9300.089333333333	7946.857333333333	37.5	40.504133333333336	38.625	39.9727	38.2374	959.9926666666667	40.0	0.0	1750873108.6	0.0	1750873109	10:38:29	1750873109	1750872980.5	13	0.045	-0.043	2.034	0.371	405.0	25.0	0.18	0.14	-6.508430250000001	0.22500416510320334	0.0304869766037483	0	1.6714075000000002	-0.007943864915572122	0.0026472983870353527	1	1	2	1/2	3.45391	2.78067	0.0942149	0.0956936	0.123334	0.1175	27020.8	30767.6	28996.3	34635.2	29377.3	37940.5	35660.4	45831.4	2.2843	2.10352	0.0588372	0	30.9248	999.9	69.3	29.3	28.1274	61.8901	24.4271	2	0.223018	0	20.2894	5.20935	11.974	4.98955	3.272	3002.6	9999.0	9999.0	999.9	4.97272	1.8631	1.86496	1.8634	1.8634	1.86386	1.86035	1.86315	0.0	0.0	0.0	0.0	11111111	oooooooo	on	on	on	on	0.0	100.0	100.0	2.034	0.4216	2.271580860991924	-0.0010337305037507979	9.120241388950126e-07	-2.246115299815222e-10	-0.16861396230584635	-0.01814858093373864	0.0020919599883593687	-1.9087170078860404e-05	2.0	2210.0	1.0	26.0	1.9	1.9	1.27319	2.3999	2.34741	2.74536	2.39868	2.28027	35.5683	13.5629	18	706.27	615.359	31.6632	30.6774	30.0006	30.4203	30.3587	25.5317	21.3558	100	-999.9	405	24.4957	99.5046	100.088	
14	1750873214	1788.4000000953674	20250625 10:40:14	10:40:14	15	1750873206.0	0.00042220080061969897	0.42220080061969895	0.4536806789931283	404.5087741935484	351.53067499661404	35.47417296680911	40.820375696863664	0.01857633839908115	3.0	0.01851267112853584	0.011576121428733684	161.9167348926076	33.33885044792011	32.468458064516135	4.903165280497782	54.68272245317366	2.688294250874483	4.916167539347633	2.214871029623299	-18.619055307328725	7.594809522580128	0.5769073856092359	151.46939649346825	0.4536806789931283	0.42220080061969895	0.22666422777580778	415.909436638041	415.7313515151514	0.0010505467174262721	66.94032409902388	0.4891303659530001	26.347117524901112	26.703044848484847	0.00028540266952844845	79.79921525053634	79.0	10.0	1	0	52493.0	1000.0012258064517	841.201309083584	0.8412002779348562	0.16191653641427262	6.0	0.5	1: Needles	2.0	False	1750873206.0	404.5087741935484	404.97712903225806	26.63960322580645	26.33138387096774	402.5787741935484	26.23360322580645	799.9890967741936	100.81332258064515	0.10012677096774195	32.51541612903226	32.468458064516135	999.9000000000003	0.0	0.0	10000.240322580643	0.0	0.0015520593548387096	-0.3643788387096774	415.70545161290323	415.9290967741935	0.35258370967741937	404.97712903225806	26.33138387096774	2.6901006451612908	2.654555161290322	22.224761290322576	22.006464516129032	1000.0012258064517	0.9599924516129034	0.04000780322580643	0.0	1.2716129032258068	0.0	5414.49129032258	7946.894838709678	37.816064516129025	40.807999999999986	38.886999999999986	40.318096774193535	38.51799999999999	959.9929032258065	40.00935483870968	0.0	1750873231	0.0	1750873231	10:40:31	1750873230.5	1750873231	14	-0.103	-0.031	1.93	0.406	405.0	26.0	0.36	0.15	-0.36987447500000004	0.21217986866791774	0.03128559986957857	0	0.354690875	-0.028919921200751222	0.009432744344005883	1	1	2	1/2	3.45499	2.78105	0.0952806	0.0956684	0.125192	0.123741	26980.3	30758.9	28987.6	34625.3	29306.4	37661.3	35649.4	45817.8	2.31875	2.10142	0.081785	0	31.1563	999.9	68.9	29.6	28.4541	62.0501	24.3069	2	0.239129	0	20.2886	5.21055	11.974	4.98945	3.272	3006.5	9999.0	9999.0	999.9	4.97268	1.8631	1.865	1.86348	1.8634	1.86386	1.86037	1.86322	0.0	0.0	0.0	0.0	11111111	oooooooo	on	on	on	on	0.0	100.0	100.0	1.93	0.406	2.3168275557232705	-0.0010337305037507979	9.120241388950126e-07	-2.246115299815222e-10	-0.16861396230584635	-0.01814858093373864	0.0020919599883593687	-1.9087170078860404e-05	2.0	2210.0	1.0	26.0	1.8	3.9	1.27563	2.41333	2.34863	2.73926	2.39868	2.26318	35.8711	13.5366	18	736.439	615.742	31.8876	30.8855	30.0008	30.618	30.5577	25.5806	15.3605	100	-999.9	405	26.2956	99.4742	100.058	
15	1750873615.5	2189.9000000953674	20250625 10:46:55	10:46:55	15	1750873607.75	-0.00787653050128965	-7.8765305012896505	-16.015379482395097	419.4868000000001	304.0138611841634	30.673363201584824	42.32396156067387	-0.2509550311873311	3.0	-0.2632356607563735	-0.1633691598101773	161.9174001943595	36.12550962669107	32.802793333333334	4.996395359201635	40.77570057789408	2.0833491437524425	5.109290862514079	2.9130462154491927	347.35499510687356	64.3170159999999	4.910064858878311	578.4994761601112	-16.015379482395097	-7.8765305012896505	-16.104319004121734	415.9956480982666	428.39394545454525	0.0024050304136427783	66.94053978123233	-7.857199420912067	26.442896401970906	20.671606666666662	4.315778222076993e-05	79.620826549912	802.0	100.0	1	0	52253.0	1000.0124000000001	841.210116079979	0.8411996852038824	0.16191539244349318	6.0	0.5	1: Needles	2.0	False	1750873607.75	419.4868000000001	404.9971	20.64876333333334	26.43421666666667	417.5620666666666	20.502816666666664	799.9950333333333	100.8295	0.06512066666666667	33.20046	32.802793333333334	999.9000000000002	0.0	0.0	10013.12	0.0	0.0015369033333333332	14.489749999999999	428.33123333333333	415.99343333333326	-5.785450666666667	404.9971	26.43421666666667	2.0820059999999994	2.6653503333333335	18.08218	22.073053333333334	1000.0124000000001	0.9600101666666665	0.03998982	0.0	0.2748333333333334	0.0	6969.812333333333	7947.045666666666	38.31199999999999	41.25413333333333	39.387399999999985	40.8414	39.06199999999999	960.0223333333334	39.99	0.0	1750873632.4	0.0	1750873231	10:40:31	1750873230.5	1750873231	14	-0.103	-0.031	1.93	0.406	405.0	26.0	0.36	0.15	14.475163414634148	0.280206271776969	0.032951263021039616	0	-5.802818292682927	0.26729644599302477	0.0330971555702475	0	0	2	0/2	3.45497	2.74516	0.0977576	0.0955693	0.105082	0.123925	26889	30745.3	28970.8	34608.5	29970	37636.7	35630.9	45796.6	0.304	2.08515	0.0675619	0	31.7225	999.9	67.4	30.6	29.4732	61.1601	22.5521	2	0.274365	0	20.2881	5.2083	11.974	4.9893	3.27132	3018.7	9999.0	9999.0	999.9	4.97269	1.86319	1.86508	1.86356	1.8635	1.86401	1.86049	1.86325	0.0	0.0	0.0	0.0	11111111	oooooooo	on	on	on	on	0.0	100.0	100.0	1.924	0.1469	2.213552660226202	-0.0010337305037507979	9.120241388950126e-07	-2.246115299815222e-10	-0.19682740970001567	-0.01814858093373864	0.0020919599883593687	-1.9087170078860404e-05	2.0	2210.0	1.0	26.0	6.4	6.4	1.27686	2.40845	2.34741	2.73071	2.39868	2.29736	36.7417	13.4929	18	-0.0758143	607.737	32.5822	31.3866	30.0005	31.3642	31.0363	25.6198	18.0485	100	-999.9	405	26.4556	99.4199	100.011	
16	1750873722.5	2296.9000000953674	20250625 10:48:42	10:48:42	15	1750873714.5	0.0028358956051162077	2.8358956051162076	7.837047978380338	398.2865161290323	287.4577203717452	29.012451224887602	40.19814847129689	0.12979160589647437	3.0	0.12675083583786445	0.07948654004087452	161.91878807456024	33.400405482756916	32.69984516129033	4.967525072090061	54.76465233068287	2.796242748764971	5.105926231176539	2.1712823233250904	-125.06299618562475	79.06855656774137	6.032829679891477	121.95717813656833	7.837047978380338	2.8358956051162076	7.735214540457904	415.6333380754288	409.68635151515133	-0.002175682476843262	66.94003538857889	2.8188167444101513	25.63744494007134	27.69281393939393	6.203372901845424e-05	79.80745526483038	205.0	26.0	1	0	52065.0	1000.0150967741935	841.2128774713582	0.8412001780622185	0.16191634366008179	6.0	0.5	1: Needles	2.0	False	1750873714.5	398.2865161290323	405.01158064516125	27.705400000000004	25.637358064516125	396.42951612903227	27.230619354838705	799.9816451612901	100.82777419354842	0.09994201935483871	33.18871935483871	32.69984516129033	999.9000000000003	0.0	0.0	10005.162903225808	0.0	0.0015921329032258064	-6.649125483870966	409.7138064516129	415.66832258064517	2.0680377419354836	405.01158064516125	25.637358064516125	2.7934699999999997	2.5849538709677424	22.845558064516123	21.57152258064516	1000.0150967741935	0.9599943870967745	0.04000519032258064	0.0	2.3996774193548385	0.0	8219.899677419353	7947.022580645162	38.5	41.48577419354839	39.625	40.936999999999976	39.25	960.0064516129032	40.00645161290322	0.0	1750873739.2	0.0	1750873743.5	10:49:03	1750873743.5	1750873231	15	-0.073	-0.031	1.857	0.406	405.0	26.0	0.35	0.15	-6.640333170731706	-0.05014850174216342	0.033323535039179626	1	2.0568465853658537	0.09699470383274708	0.025652317977301095	1	2	2	2/2	3.45457	2.78058	0.0940134	0.0955172	0.128188	0.121285	26994.3	30739.5	28964.2	34600.6	29184.6	37741.6	35620.4	45785.9	2.1052	2.0784	0.0468642	0	31.9398	999.9	67	30.8	29.6405	61.65	24.6514	2	0.288171	0	20.2879	5.20606	11.974	4.9879	3.27125	3022.0	9999.0	9999.0	999.9	4.97274	1.86322	1.8651	1.86356	1.86356	1.86401	1.8605	1.86326	0.0	0.0	0.0	0.0	11111111	oooooooo	on	on	on	on	0.0	100.0	100.0	1.857	0.4741	2.213552660226202	-0.0010337305037507979	9.120241388950126e-07	-2.246115299815222e-10	-0.19682740970001567	-0.01814858093373864	0.0020919599883593687	-1.9087170078860404e-05	2.0	2210.0	1.0	26.0	8.2	8.2	1.27686	2.41455	2.34741	2.72949	2.39868	2.30957	36.9556	13.4753	18	582.408	604.049	32.7742	31.5569	30.0006	31.2701	31.1981	25.6125	21.1664	100	-999.9	405	25.7803	99.3937	99.988	
17	1750873916.5	2490.9000000953674	20250625 10:51:56	10:51:56	15	1750873908.5	-0.0096390913325565	-9.6390913325565	-32.2596777070966	432.3115483870968	238.60120667675278	24.06789937663098	43.60762039243256	-0.28009648322704533	3.0	-0.2954898105731586	-0.18322807163950228	161.91346637401645	36.73014904596751	33.086238709677424	5.076639104584798	36.856968623960036	1.899950703647368	5.154929378571425	3.17668840093743	425.0839277657417	44.123667716127706	3.3757754889321565	634.496837344818	-32.2596777070966	-9.6390913325565	-32.12451799956502	415.7598290275557	440.49458181818187	6.527614157018429e-06	66.9405647763077	-9.956293245112736	25.937641240498046	18.57737696969697	0.008034062137124423	79.91365199257673	802.0	100.0	1	0	52127.0	999.9900967741934	841.1911874710764	0.8411995180598522	0.16191506985551474	6.0	0.5	1: Needles	2.0	False	1750873908.5	432.3115483870968	404.9914193548387	18.835483870967746	25.92864838709677	430.46480645161284	18.456483870967745	799.9984516129031	100.82093548387097	0.04988454193548387	33.35905161290322	33.086238709677424	999.9000000000003	0.0	0.0	9999.253225806451	0.0	0.00152894	27.320135483870967	440.46780645161294	415.77177419354837	-7.411342258064518	404.9914193548387	25.92864838709677	1.8669335483870966	2.6141522580645162	16.358738709677418	21.755225806451605	999.9900967741934	0.9600153870967745	0.0399849064516129	0.0	1.8449999999999998	0.0	6631.7661290322585	7946.893225806451	38.5	41.436999999999976	39.60467741935482	40.936999999999976	39.25	960.0067741935485	39.983548387096775	0.0	1750873933.6	0.0	1750873942.5	10:52:22	1750873743.5	1750873942.5	16	-0.073	-0.011	1.857	0.379	405.0	26.0	0.35	0.01	27.314960975609754	0.12983832752621868	0.022664626764305244	0	-7.431117804878048	0.44365547038327746	0.04468259586494741	0	0	2	0/2	3.45463	2.73098	0.0999229	0.0954721	0.0974936	0.122192	26813.3	30737	28959.9	34596.9	30214.9	37699.2	35617.9	45781.5	0.304	2.07355	0.0689551	0	31.9836	999.9	66.2	31.2	29.9609	61.84	21.5024	2	0.298539	0	20.2884	5.2113	11.974	4.9911	3.272	3028.0	9999.0	9999.0	999.9	4.97267	1.86323	1.86509	1.86358	1.86356	1.86401	1.8605	1.86325	0.0	0.0	0.0	0.0	11111111	oooooooo	on	on	on	on	0.0	100.0	100.0	1.847	0.379	2.140669416249361	-0.0010337305037507979	9.120241388950126e-07	-2.246115299815222e-10	-0.19682740970001567	-0.01814858093373864	0.0020919599883593687	-1.9087170078860404e-05	2.0	2210.0	1.0	26.0	2.9	11.4	1.2793	2.4231	2.34741	2.72583	2.39868	2.30225	37.1702	13.4403	18	-0.0758141	601.886	32.9683	31.7227	30.0003	31.6957	31.363	25.6471	21.1899	100	-999.9	405	25.9279	99.3832	99.9779	
18	1750874097.1	2671.5	20250625 10:54:57	10:54:57	15	1750874089.0999994	0.0010921714974254444	1.0921714974254444	3.9047607548516	401.72119354838713	249.64335838299547	25.194687591433397	40.54279687578011	0.045144695310100985	3.0	0.04477065553002104	0.0280150072444451	161.9129851816423	34.16450373847872	33.54137096774193	5.2078339379840015	54.70303382980046	2.844055735061057	5.199082273772732	2.3637782029229446	-48.1647630364621	-4.859905935484278	-0.372924782726753	108.51539142696919	3.9047607548516	1.0921714974254444	3.8479402785454506	416.3594427489179	413.39192121212096	9.0276600587656e-05	66.94	1.1987009183199717	27.38803888132137	28.261502424242437	4.0009213047377546e-05	79.83345212787933	27.0	3.0	1	0	52240.0	999.9867419354837	841.1883975101271	0.8411995501880346	0.1619151318629067	6.0	0.5	1: Needles	2.0	False	1750874089.0999994	401.72119354838713	404.9788387096774	28.18052903225807	27.384480645161286	399.8301935483871	27.759529032258072	799.9967419354837	100.82280645161289	0.0999168870967742	33.51132258064516	33.54137096774193	999.9000000000003	0.0	0.0	9999.51935483871	0.0	0.0015536	-3.28983870967742	413.3673870967741	416.381129032258	0.8673340967741936	404.9788387096774	27.384480645161286	2.8484290322580637	2.760979677419355	23.167451612903225	22.652635483870966	999.9867419354837	0.9600149677419358	0.039985377419354845	0.0	1.3208064516129032	0.0	5921.517741935483	7946.862580645162	38.43699999999998	41.375	39.57419354838708	40.811999999999976	39.266000000000005	960.0032258064514	39.98451612903226	0.0	1750874113.6	0.0	1750874118.1	10:55:18	1750874113.1	1750874118.1	17	0.034	-0.03	1.891	0.421	405.0	27.0	0.37	0.08	-3.293600975609756	0.1783227177700308	0.027024134002043083	0	0.8652603902439024	0.04815907317072919	0.004823906340746588	1	1	2	1/2	3.4555	2.78109	0.0945776	0.0954507	0.129891	0.126781	26967.8	30730.4	28954.6	34589.1	29119.6	37493.8	35609.5	45771.1	2.3797	2.07205	0.0966191	0	31.9917	999.9	65.5	31.6	30.326	61.3037	24.5633	2	0.308064	0	20.2882	5.2107	11.974	4.9894	3.27192	3033.2	9999.0	9999.0	999.9	4.97271	1.86325	1.86521	1.86369	1.86356	1.8641	1.86052	1.86335	0.0	0.0	0.0	0.0	11111111	oooooooo	on	on	on	on	0.0	100.0	100.0	1.891	0.421	2.140669416249361	-0.0010337305037507979	9.120241388950126e-07	-2.246115299815222e-10	-0.20767312203035015	-0.01814858093373864	0.0020919599883593687	-1.9087170078860404e-05	2.0	2210.0	1.0	26.0	5.9	2.6	1.28052	2.4231	2.34741	2.72217	2.39868	2.30469	37.3858	13.3965	18	799.905	601.975	33.1133	31.8385	30	31.5552	31.4908	25.6963	17.2256	100	-999.9	405	27.3859	99.3621	99.9552	
